0.000000000	-3.380000000	4.220000000
0.000080000	-3.380000000	4.080000000
0.000160000	-3.340000000	3.840000000
0.000240000	-3.340000000	3.920000000
0.000320000	-3.340000000	4.100000000
0.000400000	-3.340000000	4.200000000
0.000480000	-3.340000000	4.260000000
0.000560000	-3.340000000	3.960000000
0.000640000	-3.340000000	3.940000000
0.000720000	-3.300000000	4.040000000
0.000800000	-3.300000000	4.180000000
0.000880000	-3.300000000	4.260000000
0.000960000	-3.300000000	4.060000000
0.001040000	-3.300000000	3.880000000
0.001120000	-3.300000000	3.900000000
0.001200000	-3.260000000	4.060000000
0.001280000	-3.300000000	4.220000000
0.001360000	-3.300000000	4.180000000
0.001440000	-3.300000000	3.940000000
0.001520000	-3.260000000	3.880000000
0.001600000	-3.300000000	4.020000000
0.001680000	-3.300000000	4.140000000
0.001760000	-3.300000000	4.260000000
0.001840000	-3.340000000	4.180000000
0.001920000	-3.340000000	3.920000000
0.002000000	-3.380000000	3.940000000
0.002080000	-3.380000000	4.040000000
0.002160000	-3.380000000	4.180000000
0.002240000	-3.420000000	4.260000000
0.002320000	-3.460000000	4.080000000
0.002400000	-3.460000000	3.900000000
0.002480000	-3.460000000	3.940000000
0.002560000	-3.500000000	4.100000000
0.002640000	-3.540000000	4.220000000
0.002720000	-3.580000000	4.240000000
0.002800000	-3.540000000	4.040000000
0.002880000	-3.500000000	3.940000000
0.002960000	-3.540000000	4.020000000
0.003040000	-3.540000000	4.160000000
0.003120000	-3.540000000	4.260000000
0.003200000	-3.460000000	4.260000000
0.003280000	-3.460000000	3.980000000
0.003360000	-3.460000000	3.900000000
0.003440000	-3.460000000	3.960000000
0.003520000	-3.380000000	4.100000000
0.003600000	-3.340000000	4.240000000
0.003680000	-3.340000000	4.240000000
0.003760000	-3.300000000	4.060000000
0.003840000	-3.260000000	3.900000000
0.003920000	-3.220000000	4.000000000
0.004000000	-3.180000000	4.160000000
0.004080000	-3.180000000	4.240000000
0.004160000	-3.180000000	4.300000000
0.004240000	-3.140000000	4.140000000
0.004320000	-3.100000000	3.980000000
0.004400000	-3.100000000	4.040000000
0.004480000	-3.060000000	4.140000000
0.004560000	-3.060000000	4.240000000
0.004640000	-3.060000000	4.320000000
0.004720000	-3.060000000	4.140000000
0.004800000	-3.020000000	3.940000000
0.004880000	-3.060000000	3.940000000
0.004960000	-3.020000000	4.040000000
0.005040000	-3.020000000	4.200000000
0.005120000	-3.020000000	4.260000000
0.005200000	-2.980000000	4.160000000
0.005280000	-2.980000000	4.000000000
0.005360000	-2.980000000	3.880000000
0.005440000	-2.980000000	4.000000000
0.005520000	-2.980000000	4.160000000
0.005600000	-2.980000000	4.260000000
0.005680000	-2.980000000	4.340000000
0.005760000	-2.940000000	4.240000000
0.005840000	-2.940000000	4.020000000
0.005920000	-2.940000000	4.040000000
0.006000000	-2.940000000	4.100000000
0.006080000	-2.940000000	4.200000000
0.006160000	-2.940000000	4.300000000
0.006240000	-2.900000000	4.300000000
0.006320000	-2.900000000	4.180000000
0.006400000	-2.900000000	4.040000000
0.006480000	-2.900000000	4.000000000
0.006560000	-2.860000000	4.080000000
0.006640000	-2.900000000	4.220000000
0.006720000	-2.900000000	4.300000000
0.006800000	-2.860000000	4.280000000
0.006880000	-2.860000000	4.160000000
0.006960000	-2.860000000	4.000000000
0.007040000	-2.860000000	4.080000000
0.007120000	-2.860000000	4.180000000
0.007200000	-2.860000000	4.260000000
0.007280000	-2.820000000	4.340000000
0.007360000	-2.820000000	4.380000000
0.007440000	-2.820000000	4.180000000
0.007520000	-2.820000000	4.020000000
0.007600000	-2.820000000	4.020000000
0.007680000	-2.780000000	4.080000000
0.007760000	-2.780000000	4.180000000
0.007840000	-2.780000000	4.300000000
0.007920000	-2.780000000	4.340000000
0.008000000	-2.780000000	4.240000000
0.008080000	-2.780000000	4.120000000
0.008160000	-2.740000000	4.000000000
0.008240000	-2.740000000	4.040000000
0.008320000	-2.780000000	4.180000000
0.008400000	-2.740000000	4.280000000
0.008480000	-2.740000000	4.320000000
0.008560000	-2.740000000	4.360000000
0.008640000	-2.700000000	4.360000000
0.008720000	-2.700000000	4.220000000
0.008800000	-2.700000000	4.140000000
0.008880000	-2.700000000	4.180000000
0.008960000	-2.700000000	4.240000000
0.009040000	-2.700000000	4.320000000
0.009120000	-2.660000000	4.360000000
0.009200000	-2.660000000	4.420000000
0.009280000	-2.660000000	4.240000000
0.009360000	-2.660000000	4.080000000
0.009440000	-2.660000000	4.020000000
0.009520000	-2.620000000	4.020000000
0.009600000	-2.620000000	4.060000000
0.009680000	-2.620000000	4.160000000
0.009760000	-2.620000000	4.260000000
0.009840000	-2.620000000	4.340000000
0.009920000	-2.620000000	4.340000000
0.010000000	-2.620000000	4.280000000
0.010080000	-2.580000000	4.180000000
0.010160000	-2.580000000	4.060000000
0.010240000	-2.540000000	4.020000000
0.010320000	-2.580000000	4.140000000
0.010400000	-2.580000000	4.240000000
0.010480000	-2.540000000	4.340000000
0.010560000	-2.540000000	4.380000000
0.010640000	-2.540000000	4.420000000
0.010720000	-2.540000000	4.440000000
0.010800000	-2.500000000	4.440000000
0.010880000	-2.500000000	4.320000000
0.010960000	-2.500000000	4.200000000
0.011040000	-2.500000000	4.180000000
0.011120000	-2.500000000	4.200000000
0.011200000	-2.460000000	4.240000000
0.011280000	-2.460000000	4.280000000
0.011360000	-2.460000000	4.320000000
0.011440000	-2.460000000	4.360000000
0.011520000	-2.420000000	4.420000000
0.011600000	-2.460000000	4.400000000
0.011680000	-2.460000000	4.320000000
0.011760000	-2.420000000	4.240000000
0.011840000	-2.420000000	4.220000000
0.011920000	-2.420000000	4.240000000
0.012000000	-2.380000000	4.280000000
0.012080000	-2.380000000	4.320000000
0.012160000	-2.380000000	4.380000000
0.012240000	-2.380000000	4.360000000
0.012320000	-2.340000000	4.320000000
0.012400000	-2.340000000	4.300000000
0.012480000	-2.340000000	4.320000000
0.012560000	-2.340000000	4.360000000
0.012640000	-2.300000000	4.300000000
0.012720000	-2.300000000	4.220000000
0.012800000	-2.260000000	4.120000000
0.012880000	-2.300000000	4.140000000
0.012960000	-2.260000000	4.200000000
0.013040000	-2.260000000	4.280000000
0.013120000	-2.260000000	4.340000000
0.013200000	-2.260000000	4.400000000
0.013280000	-2.220000000	4.440000000
0.013360000	-2.260000000	4.280000000
0.013440000	-2.220000000	4.160000000
0.013520000	-2.260000000	4.140000000
0.013600000	-2.260000000	4.180000000
0.013680000	-2.220000000	4.280000000
0.013760000	-2.220000000	4.380000000
0.013840000	-2.260000000	4.420000000
0.013920000	-2.220000000	4.400000000
0.014000000	-2.220000000	4.260000000
0.014080000	-2.220000000	4.260000000
0.014160000	-2.220000000	4.340000000
0.014240000	-2.220000000	4.400000000
0.014320000	-2.220000000	4.460000000
0.014400000	-2.220000000	4.380000000
0.014480000	-2.220000000	4.280000000
0.014560000	-2.220000000	4.280000000
0.014640000	-2.220000000	4.340000000
0.014720000	-2.220000000	4.400000000
0.014800000	-2.220000000	4.400000000
0.014880000	-2.220000000	4.260000000
0.014960000	-2.220000000	4.180000000
0.015040000	-2.180000000	4.220000000
0.015120000	-2.220000000	4.320000000
0.015200000	-2.180000000	4.400000000
0.015280000	-2.180000000	4.440000000
0.015360000	-2.180000000	4.320000000
0.015440000	-2.180000000	4.340000000
0.015520000	-2.180000000	4.400000000
0.015600000	-2.180000000	4.460000000
0.015680000	-2.180000000	4.400000000
0.015760000	-2.180000000	4.280000000
0.015840000	-2.180000000	4.260000000
0.015920000	-2.180000000	4.300000000
0.016000000	-2.180000000	4.380000000
0.016080000	-2.140000000	4.400000000
0.016160000	-2.180000000	4.280000000
0.016240000	-2.180000000	4.220000000
0.016320000	-2.140000000	4.320000000
0.016400000	-2.140000000	4.400000000
0.016480000	-2.180000000	4.460000000
0.016560000	-2.140000000	4.360000000
0.016640000	-2.140000000	4.340000000
0.016720000	-2.140000000	4.380000000
0.016800000	-2.140000000	4.440000000
0.016880000	-2.140000000	4.380000000
0.016960000	-2.140000000	4.260000000
0.017040000	-2.140000000	4.220000000
0.017120000	-2.140000000	4.300000000
0.017200000	-2.140000000	4.380000000
0.017280000	-2.140000000	4.420000000
0.017360000	-2.140000000	4.320000000
0.017440000	-2.100000000	4.300000000
0.017520000	-2.100000000	4.380000000
0.017600000	-2.140000000	4.440000000
0.017680000	-2.100000000	4.480000000
0.017760000	-2.100000000	4.320000000
0.017840000	-2.140000000	4.340000000
0.017920000	-2.100000000	4.380000000
0.018000000	-2.100000000	4.440000000
0.018080000	-2.100000000	4.360000000
0.018160000	-2.100000000	4.240000000
0.018240000	-2.100000000	4.240000000
0.018320000	-2.100000000	4.340000000
0.018400000	-2.100000000	4.420000000
0.018480000	-2.100000000	4.440000000
0.018560000	-2.100000000	4.340000000
0.018640000	-2.060000000	4.360000000
0.018720000	-2.100000000	4.420000000
0.018800000	-2.060000000	4.460000000
0.018880000	-2.100000000	4.400000000
0.018960000	-2.060000000	4.300000000
0.019040000	-2.060000000	4.320000000
0.019120000	-2.100000000	4.380000000
0.019200000	-2.100000000	4.440000000
0.019280000	-2.060000000	4.360000000
0.019360000	-2.060000000	4.260000000
0.019440000	-2.060000000	4.280000000
0.019520000	-2.060000000	4.380000000
0.019600000	-2.060000000	4.420000000
0.019680000	-2.060000000	4.460000000
0.019760000	-2.060000000	4.380000000
0.019840000	-2.060000000	4.400000000
0.019920000	-2.060000000	4.440000000
0.020000000	-2.020000000	4.480000000
0.020080000	-2.060000000	4.340000000
0.020160000	-2.020000000	4.280000000
0.020240000	-2.020000000	4.300000000
0.020320000	-2.060000000	4.360000000
0.020400000	-2.020000000	4.440000000
0.020480000	-2.020000000	4.420000000
0.020560000	-2.020000000	4.300000000
0.020640000	-2.020000000	4.320000000
0.020720000	-2.020000000	4.420000000
0.020800000	-2.020000000	4.460000000
0.020880000	-2.020000000	4.480000000
0.020960000	-2.020000000	4.380000000
0.021040000	-2.020000000	4.360000000
0.021120000	-2.020000000	4.420000000
0.021200000	-2.020000000	4.460000000
0.021280000	-2.020000000	4.380000000
0.021360000	-2.020000000	4.280000000
0.021440000	-2.020000000	4.280000000
0.021520000	-1.980000000	4.340000000
0.021600000	-1.980000000	4.420000000
0.021680000	-1.980000000	4.480000000
0.021760000	-1.980000000	4.420000000
0.021840000	-1.980000000	4.360000000
0.021920000	-1.980000000	4.420000000
0.022000000	-1.980000000	4.460000000
0.022080000	-1.940000000	4.500000000
0.022160000	-1.980000000	4.400000000
0.022240000	-1.980000000	4.360000000
0.022320000	-1.940000000	4.380000000
0.022400000	-1.980000000	4.420000000
0.022480000	-1.980000000	4.480000000
0.022560000	-1.980000000	4.400000000
0.022640000	-1.940000000	4.300000000
0.022720000	-1.940000000	4.300000000
0.022800000	-1.940000000	4.380000000
0.022880000	-1.940000000	4.460000000
0.022960000	-1.940000000	4.480000000
0.023040000	-1.940000000	4.440000000
0.023120000	-1.940000000	4.400000000
0.023200000	-1.900000000	4.440000000
0.023280000	-1.940000000	4.480000000
0.023360000	-1.900000000	4.500000000
0.023440000	-1.900000000	4.400000000
0.023520000	-1.900000000	4.320000000
0.023600000	-1.940000000	4.360000000
0.023680000	-1.900000000	4.420000000
0.023760000	-1.900000000	4.460000000
0.023840000	-1.900000000	4.460000000
0.023920000	-1.900000000	4.340000000
0.024000000	-1.900000000	4.320000000
0.024080000	-1.900000000	4.380000000
0.024160000	-1.900000000	4.440000000
0.024240000	-1.900000000	4.500000000
0.024320000	-1.900000000	4.520000000
0.024400000	-1.900000000	4.420000000
0.024480000	-1.900000000	4.440000000
0.024560000	-1.860000000	4.460000000
0.024640000	-1.860000000	4.500000000
0.024720000	-1.860000000	4.500000000
0.024800000	-1.900000000	4.360000000
0.024880000	-1.860000000	4.320000000
0.024960000	-1.860000000	4.340000000
0.025040000	-1.860000000	4.420000000
0.025120000	-1.860000000	4.480000000
0.025200000	-1.860000000	4.480000000
0.025280000	-1.860000000	4.400000000
0.025360000	-1.860000000	4.360000000
0.025440000	-1.820000000	4.440000000
0.025520000	-1.820000000	4.480000000
0.025600000	-1.820000000	4.520000000
0.025680000	-1.820000000	4.540000000
0.025760000	-1.820000000	4.440000000
0.025840000	-1.820000000	4.440000000
0.025920000	-1.860000000	4.460000000
0.026000000	-1.820000000	4.500000000
0.026080000	-1.820000000	4.500000000
0.026160000	-1.820000000	4.400000000
0.026240000	-1.820000000	4.340000000
0.026320000	-1.820000000	4.340000000
0.026400000	-1.820000000	4.400000000
0.026480000	-1.780000000	4.460000000
0.026560000	-1.820000000	4.500000000
0.026640000	-1.780000000	4.500000000
0.026720000	-1.780000000	4.440000000
0.026800000	-1.780000000	4.440000000
0.026880000	-1.780000000	4.480000000
0.026960000	-1.780000000	4.520000000
0.027040000	-1.780000000	4.540000000
0.027120000	-1.780000000	4.480000000
0.027200000	-1.780000000	4.400000000
0.027280000	-1.780000000	4.420000000
0.027360000	-1.780000000	4.440000000
0.027440000	-1.780000000	4.480000000
0.027520000	-1.780000000	4.500000000
0.027600000	-1.780000000	4.460000000
0.027680000	-1.740000000	4.360000000
0.027760000	-1.740000000	4.340000000
0.027840000	-1.740000000	4.400000000
0.027920000	-1.780000000	4.460000000
0.028000000	-1.740000000	4.500000000
0.028080000	-1.740000000	4.540000000
0.028160000	-1.740000000	4.500000000
0.028240000	-1.740000000	4.460000000
0.028320000	-1.740000000	4.480000000
0.028400000	-1.740000000	4.500000000
0.028480000	-1.740000000	4.540000000
0.028560000	-1.700000000	4.560000000
0.028640000	-1.700000000	4.440000000
0.028720000	-1.700000000	4.400000000
0.028800000	-1.700000000	4.420000000
0.028880000	-1.740000000	4.460000000
0.028960000	-1.740000000	4.500000000
0.029040000	-1.700000000	4.520000000
0.029120000	-1.700000000	4.500000000
0.029200000	-1.700000000	4.420000000
0.029280000	-1.700000000	4.380000000
0.029360000	-1.700000000	4.420000000
0.029440000	-1.700000000	4.500000000
0.029520000	-1.660000000	4.520000000
0.029600000	-1.660000000	4.540000000
0.029680000	-1.660000000	4.560000000
0.029760000	-1.700000000	4.500000000
0.029840000	-1.700000000	4.440000000
0.029920000	-1.700000000	4.440000000
0.030000000	-1.700000000	4.460000000
0.030080000	-1.700000000	4.480000000
0.030160000	-1.700000000	4.500000000
0.030240000	-1.700000000	4.500000000
0.030320000	-1.700000000	4.520000000
0.030400000	-1.700000000	4.520000000
0.030480000	-1.700000000	4.520000000
0.030560000	-1.740000000	4.540000000
0.030640000	-1.700000000	4.540000000
0.030720000	-1.700000000	4.540000000
0.030800000	-1.740000000	4.520000000
0.030880000	-1.740000000	4.540000000
0.030960000	-1.740000000	4.520000000
0.031040000	-1.740000000	4.520000000
0.031120000	-1.740000000	4.520000000
0.031200000	-1.740000000	4.500000000
0.031280000	-1.740000000	4.500000000
0.031360000	-1.740000000	4.500000000
0.031440000	-1.740000000	4.480000000
0.031520000	-1.780000000	4.460000000
0.031600000	-1.740000000	4.400000000
0.031680000	-1.740000000	4.320000000
0.031760000	-1.780000000	4.400000000
0.031840000	-1.740000000	4.460000000
0.031920000	-1.780000000	4.500000000
0.032000000	-1.780000000	4.540000000
0.032080000	-1.780000000	4.560000000
0.032160000	-1.820000000	4.560000000
0.032240000	-1.820000000	4.560000000
0.032320000	-1.780000000	4.560000000
0.032400000	-1.780000000	4.560000000
0.032480000	-1.820000000	4.480000000
0.032560000	-1.780000000	4.380000000
0.032640000	-1.780000000	4.320000000
0.032720000	-1.820000000	4.320000000
0.032800000	-1.820000000	4.380000000
0.032880000	-1.820000000	4.440000000
0.032960000	-1.820000000	4.480000000
0.033040000	-1.820000000	4.520000000
0.033120000	-1.820000000	4.520000000
0.033200000	-1.820000000	4.500000000
0.033280000	-1.860000000	4.460000000
0.033360000	-1.820000000	4.420000000
0.033440000	-1.860000000	4.360000000
0.033520000	-1.820000000	4.280000000
0.033600000	-1.820000000	4.280000000
0.033680000	-1.860000000	4.400000000
0.033760000	-1.820000000	4.460000000
0.033840000	-1.860000000	4.480000000
0.033920000	-1.860000000	4.500000000
0.034000000	-1.860000000	4.480000000
0.034080000	-1.860000000	4.400000000
0.034160000	-1.860000000	4.420000000
0.034240000	-1.860000000	4.480000000
0.034320000	-1.900000000	4.520000000
0.034400000	-1.900000000	4.540000000
0.034480000	-1.860000000	4.540000000
0.034560000	-1.900000000	4.500000000
0.034640000	-1.900000000	4.380000000
0.034720000	-1.900000000	4.300000000
0.034800000	-1.900000000	4.300000000
0.034880000	-1.900000000	4.360000000
0.034960000	-1.900000000	4.460000000
0.035040000	-1.900000000	4.460000000
0.035120000	-1.900000000	4.460000000
0.035200000	-1.900000000	4.420000000
0.035280000	-1.900000000	4.360000000
0.035360000	-1.900000000	4.260000000
0.035440000	-1.900000000	4.340000000
0.035520000	-1.940000000	4.440000000
0.035600000	-1.940000000	4.480000000
0.035680000	-1.940000000	4.500000000
0.035760000	-1.900000000	4.480000000
0.035840000	-1.940000000	4.380000000
0.035920000	-1.940000000	4.420000000
0.036000000	-1.940000000	4.480000000
0.036080000	-1.940000000	4.520000000
0.036160000	-1.940000000	4.540000000
0.036240000	-1.940000000	4.460000000
0.036320000	-1.940000000	4.360000000
0.036400000	-1.940000000	4.280000000
0.036480000	-1.940000000	4.280000000
0.036560000	-1.940000000	4.360000000
0.036640000	-1.940000000	4.420000000
0.036720000	-1.980000000	4.420000000
0.036800000	-1.940000000	4.420000000
0.036880000	-1.980000000	4.340000000
0.036960000	-1.980000000	4.340000000
0.037040000	-1.940000000	4.420000000
0.037120000	-1.940000000	4.480000000
0.037200000	-1.980000000	4.500000000
0.037280000	-1.980000000	4.460000000
0.037360000	-1.980000000	4.360000000
0.037440000	-1.980000000	4.380000000
0.037520000	-1.980000000	4.440000000
0.037600000	-1.980000000	4.480000000
0.037680000	-2.020000000	4.480000000
0.037760000	-1.980000000	4.400000000
0.037840000	-2.020000000	4.300000000
0.037920000	-2.020000000	4.220000000
0.038000000	-2.020000000	4.300000000
0.038080000	-1.980000000	4.400000000
0.038160000	-2.020000000	4.420000000
0.038240000	-2.020000000	4.420000000
0.038320000	-2.020000000	4.360000000
0.038400000	-2.020000000	4.360000000
0.038480000	-2.020000000	4.440000000
0.038560000	-2.020000000	4.480000000
0.038640000	-2.060000000	4.480000000
0.038720000	-2.060000000	4.380000000
0.038800000	-2.020000000	4.300000000
0.038880000	-2.020000000	4.340000000
0.038960000	-2.060000000	4.420000000
0.039040000	-2.060000000	4.460000000
0.039120000	-2.020000000	4.440000000
0.039200000	-2.060000000	4.340000000
0.039280000	-2.060000000	4.240000000
0.039360000	-2.060000000	4.280000000
0.039440000	-2.060000000	4.380000000
0.039520000	-2.060000000	4.400000000
0.039600000	-2.060000000	4.420000000
0.039680000	-2.060000000	4.320000000
0.039760000	-2.100000000	4.380000000
0.039840000	-2.060000000	4.440000000
0.039920000	-2.100000000	4.480000000
0.040000000	-2.060000000	4.480000000
0.040080000	-2.060000000	4.360000000
0.040160000	-2.100000000	4.260000000
0.040240000	-2.100000000	4.320000000
0.040320000	-2.100000000	4.400000000
0.040400000	-2.100000000	4.400000000
0.040480000	-2.100000000	4.380000000
0.040560000	-2.100000000	4.280000000
0.040640000	-2.100000000	4.240000000
0.040720000	-2.100000000	4.360000000
0.040800000	-2.100000000	4.420000000
0.040880000	-2.100000000	4.440000000
0.040960000	-2.100000000	4.340000000
0.041040000	-2.100000000	4.380000000
0.041120000	-2.140000000	4.460000000
0.041200000	-2.140000000	4.480000000
0.041280000	-2.100000000	4.440000000
0.041360000	-2.100000000	4.320000000
0.041440000	-2.140000000	4.200000000
0.041520000	-2.140000000	4.280000000
0.041600000	-2.140000000	4.360000000
0.041680000	-2.140000000	4.380000000
0.041760000	-2.140000000	4.340000000
0.041840000	-2.140000000	4.260000000
0.041920000	-2.140000000	4.360000000
0.042000000	-2.140000000	4.440000000
0.042080000	-2.140000000	4.460000000
0.042160000	-2.140000000	4.360000000
0.042240000	-2.140000000	4.300000000
0.042320000	-2.140000000	4.380000000
0.042400000	-2.180000000	4.440000000
0.042480000	-2.180000000	4.420000000
0.042560000	-2.180000000	4.300000000
0.042640000	-2.180000000	4.200000000
0.042720000	-2.180000000	4.240000000
0.042800000	-2.180000000	4.340000000
0.042880000	-2.180000000	4.380000000
0.042960000	-2.180000000	4.360000000
0.043040000	-2.180000000	4.300000000
0.043120000	-2.180000000	4.400000000
0.043200000	-2.180000000	4.440000000
0.043280000	-2.180000000	4.460000000
0.043360000	-2.180000000	4.300000000
0.043440000	-2.180000000	4.260000000
0.043520000	-2.180000000	4.340000000
0.043600000	-2.180000000	4.400000000
0.043680000	-2.220000000	4.360000000
0.043760000	-2.180000000	4.280000000
0.043840000	-2.220000000	4.180000000
0.043920000	-2.220000000	4.300000000
0.044000000	-2.220000000	4.360000000
0.044080000	-2.220000000	4.380000000
0.044160000	-2.220000000	4.300000000
0.044240000	-2.220000000	4.380000000
0.044320000	-2.220000000	4.440000000
0.044400000	-2.220000000	4.460000000
0.044480000	-2.220000000	4.340000000
0.044560000	-2.220000000	4.200000000
0.044640000	-2.220000000	4.260000000
0.044720000	-2.220000000	4.340000000
0.044800000	-2.220000000	4.360000000
0.044880000	-2.260000000	4.300000000
0.044960000	-2.260000000	4.200000000
0.045040000	-2.220000000	4.300000000
0.045120000	-2.260000000	4.400000000
0.045200000	-2.260000000	4.400000000
0.045280000	-2.220000000	4.300000000
0.045360000	-2.260000000	4.360000000
0.045440000	-2.260000000	4.420000000
0.045520000	-2.260000000	4.420000000
0.045600000	-2.260000000	4.300000000
0.045680000	-2.260000000	4.160000000
0.045760000	-2.260000000	4.240000000
0.045840000	-2.260000000	4.320000000
0.045920000	-2.260000000	4.340000000
0.046000000	-2.260000000	4.240000000
0.046080000	-2.260000000	4.320000000
0.046160000	-2.260000000	4.400000000
0.046240000	-2.260000000	4.440000000
0.046320000	-2.260000000	4.320000000
0.046400000	-2.260000000	4.280000000
0.046480000	-2.260000000	4.360000000
0.046560000	-2.300000000	4.380000000
0.046640000	-2.300000000	4.280000000
0.046720000	-2.340000000	4.220000000
0.046800000	-2.300000000	4.240000000
0.046880000	-2.340000000	4.260000000
0.046960000	-2.340000000	4.180000000
0.047040000	-2.380000000	4.200000000
0.047120000	-2.380000000	4.280000000
0.047200000	-2.380000000	4.300000000
0.047280000	-2.420000000	4.260000000
0.047360000	-2.420000000	4.280000000
0.047440000	-2.420000000	4.320000000
0.047520000	-2.460000000	4.380000000
0.047600000	-2.460000000	4.440000000
0.047680000	-2.460000000	4.420000000
0.047760000	-2.460000000	4.300000000
0.047840000	-2.460000000	4.180000000
0.047920000	-2.460000000	4.060000000
0.048000000	-2.500000000	3.980000000
0.048080000	-2.500000000	4.060000000
0.048160000	-2.500000000	4.220000000
0.048240000	-2.500000000	4.300000000
0.048320000	-2.500000000	4.320000000
0.048400000	-2.500000000	4.320000000
0.048480000	-2.540000000	4.300000000
0.048560000	-2.540000000	4.220000000
0.048640000	-2.540000000	4.120000000
0.048720000	-2.580000000	4.240000000
0.048800000	-2.540000000	4.320000000
0.048880000	-2.580000000	4.380000000
0.048960000	-2.580000000	4.420000000
0.049040000	-2.620000000	4.440000000
0.049120000	-2.580000000	4.420000000
0.049200000	-2.620000000	4.260000000
0.049280000	-2.580000000	4.180000000
0.049360000	-2.620000000	4.180000000
0.049440000	-2.620000000	4.240000000
0.049520000	-2.620000000	4.340000000
0.049600000	-2.620000000	4.400000000
0.049680000	-2.620000000	4.400000000
0.049760000	-2.620000000	4.340000000
0.049840000	-2.660000000	4.260000000
0.049920000	-2.660000000	4.160000000
0.050000000	-2.660000000	4.060000000
0.050080000	-2.660000000	3.940000000
0.050160000	-2.700000000	3.880000000
0.050240000	-2.700000000	4.060000000
0.050320000	-2.700000000	4.220000000
0.050400000	-2.700000000	4.280000000
0.050480000	-2.700000000	4.320000000
0.050560000	-2.740000000	4.320000000
0.050640000	-2.740000000	4.240000000
0.050720000	-2.700000000	4.080000000
0.050800000	-2.740000000	4.080000000
0.050880000	-2.740000000	4.160000000
0.050960000	-2.740000000	4.260000000
0.051040000	-2.780000000	4.340000000
0.051120000	-2.780000000	4.380000000
0.051200000	-2.740000000	4.360000000
0.051280000	-2.780000000	4.200000000
0.051360000	-2.780000000	4.040000000
0.051440000	-2.780000000	3.980000000
0.051520000	-2.780000000	4.040000000
0.051600000	-2.780000000	4.180000000
0.051680000	-2.780000000	4.280000000
0.051760000	-2.820000000	4.300000000
0.051840000	-2.820000000	4.260000000
0.051920000	-2.820000000	4.200000000
0.052000000	-2.820000000	4.060000000
0.052080000	-2.820000000	3.920000000
0.052160000	-2.860000000	3.920000000
0.052240000	-2.860000000	4.140000000
0.052320000	-2.860000000	4.260000000
0.052400000	-2.860000000	4.300000000
0.052480000	-2.860000000	4.340000000
0.052560000	-2.900000000	4.300000000
0.052640000	-2.860000000	4.180000000
0.052720000	-2.900000000	4.060000000
0.052800000	-2.900000000	4.120000000
0.052880000	-2.900000000	4.240000000
0.052960000	-2.900000000	4.320000000
0.053040000	-2.900000000	4.380000000
0.053120000	-2.900000000	4.280000000
0.053200000	-2.940000000	4.100000000
0.053280000	-2.940000000	3.920000000
0.053360000	-2.940000000	3.840000000
0.053440000	-2.940000000	3.960000000
0.053520000	-2.940000000	4.140000000
0.053600000	-2.980000000	4.220000000
0.053680000	-2.980000000	4.240000000
0.053760000	-2.980000000	4.220000000
0.053840000	-2.980000000	4.120000000
0.053920000	-2.980000000	3.920000000
0.054000000	-2.980000000	4.040000000
0.054080000	-2.980000000	4.180000000
0.054160000	-2.980000000	4.280000000
0.054240000	-3.020000000	4.320000000
0.054320000	-3.020000000	4.300000000
0.054400000	-3.020000000	4.080000000
0.054480000	-3.020000000	4.020000000
0.054560000	-3.020000000	4.100000000
0.054640000	-3.020000000	4.240000000
0.054720000	-3.020000000	4.320000000
0.054800000	-3.060000000	4.320000000
0.054880000	-3.060000000	4.160000000
0.054960000	-3.060000000	4.000000000
0.055040000	-3.060000000	3.800000000
0.055120000	-3.060000000	3.840000000
0.055200000	-3.060000000	4.060000000
0.055280000	-3.060000000	4.160000000
0.055360000	-3.100000000	4.200000000
0.055440000	-3.100000000	4.180000000
0.055520000	-3.100000000	4.040000000
0.055600000	-3.100000000	3.940000000
0.055680000	-3.100000000	4.100000000
0.055760000	-3.100000000	4.220000000
0.055840000	-3.140000000	4.300000000
0.055920000	-3.140000000	4.300000000
0.056000000	-3.140000000	4.100000000
0.056080000	-3.140000000	4.000000000
0.056160000	-3.140000000	4.060000000
0.056240000	-3.180000000	4.180000000
0.056320000	-3.140000000	4.280000000
0.056400000	-3.140000000	4.260000000
0.056480000	-3.180000000	4.140000000
0.056560000	-3.180000000	4.000000000
0.056640000	-3.180000000	3.780000000
0.056720000	-3.180000000	3.880000000
0.056800000	-3.180000000	4.080000000
0.056880000	-3.180000000	4.180000000
0.056960000	-3.180000000	4.220000000
0.057040000	-3.220000000	4.100000000
0.057120000	-3.180000000	3.920000000
0.057200000	-3.220000000	4.020000000
0.057280000	-3.220000000	4.180000000
0.057360000	-3.220000000	4.280000000
0.057440000	-3.260000000	4.300000000
0.057520000	-3.260000000	4.080000000
0.057600000	-3.260000000	3.840000000
0.057680000	-3.260000000	3.860000000
0.057760000	-3.260000000	4.040000000
0.057840000	-3.300000000	4.160000000
0.057920000	-3.340000000	4.160000000
0.058000000	-3.300000000	4.080000000
0.058080000	-3.340000000	3.920000000
0.058160000	-3.380000000	3.800000000
0.058240000	-3.380000000	4.040000000
0.058320000	-3.380000000	4.180000000
0.058400000	-3.420000000	4.240000000
0.058480000	-3.420000000	4.200000000
0.058560000	-3.460000000	3.980000000
0.058640000	-3.540000000	4.000000000
0.058720000	-3.540000000	4.160000000
0.058800000	-3.540000000	4.260000000
0.058880000	-3.620000000	4.240000000
0.058960000	-3.660000000	4.060000000
0.059040000	-3.660000000	3.820000000
0.059120000	-3.660000000	3.700000000
0.059200000	-3.700000000	3.920000000
0.059280000	-3.780000000	4.100000000
0.059360000	-3.780000000	4.140000000
0.059440000	-3.740000000	4.100000000
0.059520000	-3.740000000	3.880000000
0.059600000	-3.780000000	3.920000000
0.059680000	-3.780000000	4.100000000
0.059760000	-3.780000000	4.220000000
0.059840000	-3.740000000	4.240000000
0.059920000	-3.700000000	4.040000000
0.060000000	-3.740000000	3.880000000
0.060080000	-3.700000000	4.000000000
0.060160000	-3.660000000	4.160000000
0.060240000	-3.620000000	4.240000000
0.060320000	-3.620000000	4.120000000
0.060400000	-3.580000000	3.920000000
0.060480000	-3.580000000	3.680000000
0.060560000	-3.540000000	3.880000000
0.060640000	-3.540000000	4.080000000
0.060720000	-3.540000000	4.140000000
0.060800000	-3.500000000	4.120000000
0.060880000	-3.500000000	3.880000000
0.060960000	-3.500000000	3.940000000
0.061040000	-3.500000000	4.120000000
0.061120000	-3.500000000	4.220000000
0.061200000	-3.500000000	4.220000000
0.061280000	-3.500000000	3.920000000
0.061360000	-3.500000000	3.800000000
0.061440000	-3.500000000	3.980000000
0.061520000	-3.500000000	4.140000000
0.061600000	-3.500000000	4.140000000
0.061680000	-3.500000000	4.040000000
0.061760000	-3.540000000	3.820000000
0.061840000	-3.540000000	3.760000000
0.061920000	-3.540000000	4.000000000
0.062000000	-3.540000000	4.140000000
0.062080000	-3.540000000	4.160000000
0.062160000	-3.540000000	3.920000000
0.062240000	-3.540000000	3.900000000
0.062320000	-3.580000000	4.080000000
0.062400000	-3.540000000	4.220000000
0.062480000	-3.580000000	4.220000000
0.062560000	-3.580000000	3.980000000
0.062640000	-3.580000000	3.680000000
0.062720000	-3.580000000	3.820000000
0.062800000	-3.580000000	4.040000000
0.062880000	-3.620000000	4.100000000
0.062960000	-3.580000000	4.040000000
0.063040000	-3.580000000	3.800000000
0.063120000	-3.580000000	3.860000000
0.063200000	-3.620000000	4.060000000
0.063280000	-3.620000000	4.180000000
0.063360000	-3.620000000	4.180000000
0.063440000	-3.620000000	3.880000000
0.063520000	-3.620000000	3.940000000
0.063600000	-3.620000000	4.120000000
0.063680000	-3.660000000	4.220000000
0.063760000	-3.660000000	4.120000000
0.063840000	-3.660000000	3.880000000
0.063920000	-3.700000000	3.620000000
0.064000000	-3.660000000	3.820000000
0.064080000	-3.660000000	4.020000000
0.064160000	-3.700000000	4.080000000
0.064240000	-3.700000000	4.000000000
0.064320000	-3.700000000	3.800000000
0.064400000	-3.740000000	4.000000000
0.064480000	-3.780000000	4.160000000
0.064560000	-3.820000000	4.220000000
0.064640000	-3.860000000	4.000000000
0.064720000	-3.940000000	3.780000000
0.064800000	-3.980000000	3.960000000
0.064880000	-4.020000000	4.120000000
0.064960000	-4.180000000	4.120000000
0.065040000	-4.260000000	3.980000000
0.065120000	-4.340000000	3.680000000
0.065200000	-4.460000000	3.800000000
0.065280000	-4.660000000	4.020000000
0.065360000	-4.700000000	4.120000000
0.065440000	-4.740000000	4.060000000
0.065520000	-4.860000000	3.780000000
0.065600000	-4.980000000	4.000000000
0.065680000	-4.940000000	4.140000000
0.065760000	-4.940000000	4.220000000
0.065840000	-4.980000000	3.960000000
0.065920000	-4.980000000	3.680000000
0.066000000	-4.900000000	3.860000000
0.066080000	-4.820000000	4.040000000
0.066160000	-4.740000000	4.100000000
0.066240000	-4.660000000	3.980000000
0.066320000	-4.580000000	3.660000000
0.066400000	-4.460000000	3.860000000
0.066480000	-4.340000000	4.060000000
0.066560000	-4.260000000	4.120000000
0.066640000	-4.140000000	3.960000000
0.066720000	-4.100000000	3.840000000
0.066800000	-4.020000000	4.040000000
0.066880000	-3.980000000	4.180000000
0.066960000	-3.940000000	4.140000000
0.067040000	-3.900000000	3.860000000
0.067120000	-3.900000000	3.640000000
0.067200000	-3.860000000	3.880000000
0.067280000	-3.860000000	4.020000000
0.067360000	-3.860000000	4.020000000
0.067440000	-3.860000000	3.840000000
0.067520000	-3.860000000	3.780000000
0.067600000	-3.860000000	4.020000000
0.067680000	-3.860000000	4.160000000
0.067760000	-3.860000000	4.120000000
0.067840000	-3.860000000	3.800000000
0.067920000	-3.860000000	3.940000000
0.068000000	-3.860000000	4.100000000
0.068080000	-3.860000000	4.140000000
0.068160000	-3.900000000	4.000000000
0.068240000	-3.900000000	3.680000000
0.068320000	-3.900000000	3.700000000
0.068400000	-3.900000000	3.960000000
0.068480000	-3.900000000	4.060000000
0.068560000	-3.900000000	3.980000000
0.068640000	-3.900000000	3.780000000
0.068720000	-3.900000000	4.020000000
0.068800000	-3.900000000	4.160000000
0.068880000	-3.940000000	4.160000000
0.068960000	-3.900000000	3.820000000
0.069040000	-3.900000000	3.740000000
0.069120000	-3.940000000	3.960000000
0.069200000	-3.940000000	4.080000000
0.069280000	-3.940000000	4.000000000
0.069360000	-3.940000000	3.720000000
0.069440000	-3.940000000	3.700000000
0.069520000	-3.940000000	3.960000000
0.069600000	-3.940000000	4.080000000
0.069680000	-3.940000000	4.020000000
0.069760000	-3.940000000	3.780000000
0.069840000	-3.940000000	4.000000000
0.069920000	-3.980000000	4.140000000
0.070000000	-3.980000000	4.120000000
0.070080000	-3.980000000	3.760000000
0.070160000	-3.980000000	3.680000000
0.070240000	-3.980000000	3.940000000
0.070320000	-3.980000000	4.040000000
0.070400000	-3.980000000	3.980000000
0.070480000	-3.980000000	3.660000000
0.070560000	-4.020000000	3.820000000
0.070640000	-4.020000000	4.040000000
0.070720000	-4.020000000	4.100000000
0.070800000	-4.060000000	3.840000000
0.070880000	-4.100000000	3.840000000
0.070960000	-4.100000000	4.040000000
0.071040000	-4.180000000	4.140000000
0.071120000	-4.260000000	4.000000000
0.071200000	-4.340000000	3.640000000
0.071280000	-4.420000000	3.740000000
0.071360000	-4.620000000	3.960000000
0.071440000	-4.820000000	4.000000000
0.071520000	-4.980000000	3.860000000
0.071600000	-5.180000000	3.700000000
0.071680000	-5.500000000	3.960000000
0.071760000	-5.660000000	4.100000000
0.071840000	-5.860000000	4.020000000
0.071920000	-6.140000000	3.740000000
0.072000000	-6.260000000	3.940000000
0.072080000	-6.380000000	4.100000000
0.072160000	-6.460000000	4.060000000
0.072240000	-6.500000000	3.800000000
0.072320000	-6.500000000	3.540000000
0.072400000	-6.420000000	3.820000000
0.072480000	-6.300000000	4.000000000
0.072560000	-6.180000000	3.960000000
0.072640000	-5.980000000	3.680000000
0.072720000	-5.780000000	3.940000000
0.072800000	-5.580000000	4.100000000
0.072880000	-5.340000000	4.100000000
0.072960000	-5.140000000	3.760000000
0.073040000	-4.940000000	3.740000000
0.073120000	-4.780000000	3.980000000
0.073200000	-4.580000000	4.020000000
0.073280000	-4.500000000	3.880000000
0.073360000	-4.420000000	3.540000000
0.073440000	-4.340000000	3.780000000
0.073520000	-4.340000000	3.980000000
0.073600000	-4.340000000	4.000000000
0.073680000	-4.340000000	3.700000000
0.073760000	-4.420000000	3.920000000
0.073840000	-4.500000000	4.060000000
0.073920000	-4.580000000	4.080000000
0.074000000	-4.700000000	3.740000000
0.074080000	-4.820000000	3.600000000
0.074160000	-4.900000000	3.880000000
0.074240000	-5.060000000	4.000000000
0.074320000	-5.140000000	3.900000000
0.074400000	-5.220000000	3.580000000
0.074480000	-5.340000000	3.820000000
0.074560000	-5.340000000	4.000000000
0.074640000	-5.340000000	4.020000000
0.074720000	-5.340000000	3.720000000
0.074800000	-5.300000000	3.880000000
0.074880000	-5.220000000	4.060000000
0.074960000	-5.140000000	4.060000000
0.075040000	-5.060000000	3.740000000
0.075120000	-4.940000000	3.540000000
0.075200000	-4.860000000	3.840000000
0.075280000	-4.740000000	3.960000000
0.075360000	-4.660000000	3.860000000
0.075440000	-4.580000000	3.580000000
0.075520000	-4.500000000	3.880000000
0.075600000	-4.460000000	4.040000000
0.075680000	-4.420000000	4.000000000
0.075760000	-4.340000000	3.640000000
0.075840000	-4.340000000	3.840000000
0.075920000	-4.300000000	4.040000000
0.076000000	-4.260000000	3.980000000
0.076080000	-4.260000000	3.680000000
0.076160000	-4.260000000	3.540000000
0.076240000	-4.260000000	3.860000000
0.076320000	-4.260000000	3.960000000
0.076400000	-4.220000000	3.820000000
0.076480000	-4.220000000	3.740000000
0.076560000	-4.220000000	3.980000000
0.076640000	-4.260000000	4.080000000
0.076720000	-4.220000000	3.900000000
0.076800000	-4.260000000	3.600000000
0.076880000	-4.220000000	3.820000000
0.076960000	-4.260000000	3.960000000
0.077040000	-4.260000000	3.880000000
0.077120000	-4.260000000	3.560000000
0.077200000	-4.220000000	3.680000000
0.077280000	-4.260000000	3.920000000
0.077360000	-4.260000000	3.960000000
0.077440000	-4.260000000	3.700000000
0.077520000	-4.260000000	3.880000000
0.077600000	-4.260000000	4.060000000
0.077680000	-4.260000000	4.040000000
0.077760000	-4.260000000	3.680000000
0.077840000	-4.260000000	3.540000000
0.077920000	-4.260000000	3.820000000
0.078000000	-4.260000000	3.920000000
0.078080000	-4.300000000	3.780000000
0.078160000	-4.260000000	3.600000000
0.078240000	-4.300000000	3.880000000
0.078320000	-4.300000000	4.020000000
0.078400000	-4.300000000	3.840000000
0.078480000	-4.300000000	3.720000000
0.078560000	-4.300000000	3.960000000
0.078640000	-4.300000000	4.020000000
0.078720000	-4.300000000	3.780000000
0.078800000	-4.300000000	3.440000000
0.078880000	-4.300000000	3.700000000
0.078960000	-4.340000000	3.860000000
0.079040000	-4.300000000	3.820000000
0.079120000	-4.340000000	3.960000000
0.079200000	-4.340000000	4.100000000
0.079280000	-4.340000000	4.000000000
0.079360000	-4.340000000	3.840000000
0.079440000	-4.380000000	3.960000000
0.079520000	-4.380000000	3.920000000
0.079600000	-4.380000000	3.660000000
0.079680000	-4.420000000	3.380000000
0.079760000	-4.460000000	3.600000000
0.079840000	-4.420000000	3.740000000
0.079920000	-4.420000000	3.760000000
0.080000000	-4.380000000	3.680000000
0.080080000	-4.380000000	3.520000000
0.080160000	-4.340000000	3.340000000
0.080240000	-4.380000000	3.140000000
0.080320000	-4.340000000	3.080000000
0.080400000	-4.340000000	3.100000000
0.080480000	-4.340000000	3.200000000
0.080560000	-4.340000000	3.340000000
0.080640000	-4.340000000	3.520000000
0.080720000	-4.340000000	3.700000000
0.080800000	-4.300000000	3.900000000
0.080880000	-4.300000000	4.060000000
0.080960000	-4.300000000	4.120000000
0.081040000	-4.300000000	4.060000000
0.081120000	-4.300000000	3.720000000
0.081200000	-4.260000000	3.400000000
0.081280000	-4.300000000	3.280000000
0.081360000	-4.260000000	3.360000000
0.081440000	-4.260000000	3.600000000
0.081520000	-4.260000000	3.860000000
0.081600000	-4.260000000	4.040000000
0.081680000	-4.260000000	4.160000000
0.081760000	-4.260000000	4.180000000
0.081840000	-4.220000000	3.820000000
0.081920000	-4.260000000	3.520000000
0.082000000	-4.260000000	3.560000000
0.082080000	-4.260000000	3.740000000
0.082160000	-4.220000000	3.940000000
0.082240000	-4.220000000	4.080000000
0.082320000	-4.220000000	4.140000000
0.082400000	-4.220000000	3.740000000
0.082480000	-4.220000000	3.480000000
0.082560000	-4.220000000	3.520000000
0.082640000	-4.220000000	3.720000000
0.082720000	-4.180000000	3.960000000
0.082800000	-4.220000000	4.080000000
0.082880000	-4.220000000	3.940000000
0.082960000	-4.220000000	3.580000000
0.083040000	-4.180000000	3.600000000
0.083120000	-4.180000000	3.820000000
0.083200000	-4.220000000	4.020000000
0.083280000	-4.180000000	4.120000000
0.083360000	-4.180000000	3.780000000
0.083440000	-4.180000000	3.600000000
0.083520000	-4.180000000	3.720000000
0.083600000	-4.180000000	3.920000000
0.083680000	-4.180000000	4.080000000
0.083760000	-4.180000000	3.900000000
0.083840000	-4.180000000	3.560000000
0.083920000	-4.180000000	3.580000000
0.084000000	-4.180000000	3.800000000
0.084080000	-4.180000000	4.020000000
0.084160000	-4.140000000	4.080000000
0.084240000	-4.140000000	3.700000000
0.084320000	-4.140000000	3.680000000
0.084400000	-4.180000000	3.880000000
0.084480000	-4.140000000	4.040000000
0.084560000	-4.140000000	4.080000000
0.084640000	-4.140000000	3.680000000
0.084720000	-4.140000000	3.660000000
0.084800000	-4.140000000	3.840000000
0.084880000	-4.140000000	4.040000000
0.084960000	-4.140000000	4.020000000
0.085040000	-4.140000000	3.640000000
0.085120000	-4.100000000	3.640000000
0.085200000	-4.140000000	3.880000000
0.085280000	-4.140000000	4.040000000
0.085360000	-4.100000000	4.000000000
0.085440000	-4.100000000	3.680000000
0.085520000	-4.100000000	3.740000000
0.085600000	-4.140000000	3.940000000
0.085680000	-4.140000000	4.100000000
0.085760000	-4.140000000	3.820000000
0.085840000	-4.140000000	3.640000000
0.085920000	-4.140000000	3.760000000
0.086000000	-4.180000000	3.980000000
0.086080000	-4.180000000	4.100000000
0.086160000	-4.180000000	3.760000000
0.086240000	-4.220000000	3.660000000
0.086320000	-4.260000000	3.860000000
0.086400000	-4.300000000	4.040000000
0.086480000	-4.340000000	4.040000000
0.086560000	-4.420000000	3.700000000
0.086640000	-4.460000000	3.760000000
0.086720000	-4.540000000	3.940000000
0.086800000	-4.620000000	4.100000000
0.086880000	-4.700000000	3.860000000
0.086960000	-4.820000000	3.620000000
0.087040000	-4.900000000	3.760000000
0.087120000	-4.980000000	4.000000000
0.087200000	-5.020000000	4.100000000
0.087280000	-5.140000000	3.780000000
0.087360000	-5.140000000	3.720000000
0.087440000	-5.140000000	3.900000000
0.087520000	-5.180000000	4.080000000
0.087600000	-5.140000000	4.020000000
0.087680000	-5.100000000	3.720000000
0.087760000	-5.020000000	3.800000000
0.087840000	-4.940000000	3.980000000
0.087920000	-4.820000000	4.120000000
0.088000000	-4.740000000	3.780000000
0.088080000	-4.620000000	3.660000000
0.088160000	-4.500000000	3.840000000
0.088240000	-4.420000000	4.040000000
0.088320000	-4.340000000	4.080000000
0.088400000	-4.260000000	3.740000000
0.088480000	-4.220000000	3.800000000
0.088560000	-4.180000000	3.980000000
0.088640000	-4.180000000	4.140000000
0.088720000	-4.180000000	3.880000000
0.088800000	-4.260000000	3.700000000
0.088880000	-4.300000000	3.820000000
0.088960000	-4.380000000	4.020000000
0.089040000	-4.540000000	4.100000000
0.089120000	-4.660000000	3.740000000
0.089200000	-4.860000000	3.740000000
0.089280000	-5.060000000	3.940000000
0.089360000	-5.260000000	4.100000000
0.089440000	-5.500000000	4.000000000
0.089520000	-5.660000000	3.740000000
0.089600000	-5.820000000	3.860000000
0.089680000	-6.060000000	4.020000000
0.089760000	-6.140000000	4.140000000
0.089840000	-6.180000000	3.780000000
0.089920000	-6.260000000	3.740000000
0.090000000	-6.260000000	3.920000000
0.090080000	-6.180000000	4.100000000
0.090160000	-6.140000000	4.080000000
0.090240000	-5.980000000	3.760000000
0.090320000	-5.820000000	3.820000000
0.090400000	-5.620000000	4.020000000
0.090480000	-5.460000000	4.160000000
0.090560000	-5.220000000	3.920000000
0.090640000	-4.980000000	3.780000000
0.090720000	-4.780000000	3.920000000
0.090800000	-4.660000000	4.080000000
0.090880000	-4.420000000	4.140000000
0.090960000	-4.300000000	3.780000000
0.091040000	-4.180000000	3.760000000
0.091120000	-4.060000000	3.960000000
0.091200000	-4.020000000	4.120000000
0.091280000	-3.980000000	4.040000000
0.091360000	-3.940000000	3.760000000
0.091440000	-3.900000000	3.880000000
0.091520000	-3.900000000	4.060000000
0.091600000	-3.860000000	4.180000000
0.091680000	-3.860000000	3.880000000
0.091760000	-3.860000000	3.820000000
0.091840000	-3.860000000	3.960000000
0.091920000	-3.820000000	4.120000000
0.092000000	-3.820000000	4.140000000
0.092080000	-3.820000000	3.780000000
0.092160000	-3.820000000	3.780000000
0.092240000	-3.820000000	3.980000000
0.092320000	-3.780000000	4.140000000
0.092400000	-3.780000000	4.040000000
0.092480000	-3.780000000	3.780000000
0.092560000	-3.780000000	3.900000000
0.092640000	-3.780000000	4.080000000
0.092720000	-3.780000000	4.200000000
0.092800000	-3.780000000	3.880000000
0.092880000	-3.780000000	3.800000000
0.092960000	-3.780000000	3.920000000
0.093040000	-3.780000000	4.100000000
0.093120000	-3.780000000	4.160000000
0.093200000	-3.780000000	3.800000000
0.093280000	-3.740000000	3.800000000
0.093360000	-3.780000000	3.980000000
0.093440000	-3.740000000	4.160000000
0.093520000	-3.740000000	4.100000000
0.093600000	-3.740000000	3.800000000
0.093680000	-3.740000000	3.860000000
0.093760000	-3.740000000	4.020000000
0.093840000	-3.700000000	4.200000000
0.093920000	-3.740000000	3.980000000
0.094000000	-3.740000000	3.780000000
0.094080000	-3.700000000	3.880000000
0.094160000	-3.700000000	4.060000000
0.094240000	-3.700000000	4.180000000
0.094320000	-3.700000000	3.980000000
0.094400000	-3.700000000	3.800000000
0.094480000	-3.700000000	3.940000000
0.094560000	-3.700000000	4.120000000
0.094640000	-3.660000000	4.220000000
0.094720000	-3.660000000	3.900000000
0.094800000	-3.700000000	3.860000000
0.094880000	-3.700000000	3.980000000
0.094960000	-3.660000000	4.140000000
0.095040000	-3.700000000	4.180000000
0.095120000	-3.700000000	3.820000000
0.095200000	-3.740000000	3.800000000
0.095280000	-3.740000000	3.980000000
0.095360000	-3.780000000	4.140000000
0.095440000	-3.820000000	4.160000000
0.095520000	-3.860000000	3.820000000
0.095600000	-3.900000000	3.840000000
0.095680000	-3.980000000	4.040000000
0.095760000	-4.100000000	4.180000000
0.095840000	-4.180000000	4.160000000
0.095920000	-4.300000000	3.860000000
0.096000000	-4.380000000	3.920000000
0.096080000	-4.540000000	4.060000000
0.096160000	-4.580000000	4.200000000
0.096240000	-4.620000000	4.080000000
0.096320000	-4.700000000	3.800000000
0.096400000	-4.780000000	3.840000000
0.096480000	-4.740000000	4.020000000
0.096560000	-4.740000000	4.180000000
0.096640000	-4.780000000	4.100000000
0.096720000	-4.700000000	3.820000000
0.096800000	-4.580000000	3.920000000
0.096880000	-4.540000000	4.080000000
0.096960000	-4.500000000	4.200000000
0.097040000	-4.340000000	4.120000000
0.097120000	-4.180000000	3.840000000
0.097200000	-4.140000000	3.900000000
0.097280000	-4.060000000	4.060000000
0.097360000	-3.940000000	4.200000000
0.097440000	-3.860000000	4.120000000
0.097520000	-3.780000000	3.840000000
0.097600000	-3.700000000	3.880000000
0.097680000	-3.660000000	4.060000000
0.097760000	-3.620000000	4.200000000
0.097840000	-3.580000000	4.120000000
0.097920000	-3.540000000	3.840000000
0.098000000	-3.500000000	3.900000000
0.098080000	-3.500000000	4.040000000
0.098160000	-3.500000000	4.180000000
0.098240000	-3.500000000	4.180000000
0.098320000	-3.460000000	3.880000000
0.098400000	-3.460000000	3.860000000
0.098480000	-3.460000000	4.000000000
0.098560000	-3.460000000	4.160000000
0.098640000	-3.460000000	4.220000000
0.098720000	-3.460000000	3.980000000
0.098800000	-3.420000000	3.860000000
0.098880000	-3.420000000	4.000000000
0.098960000	-3.420000000	4.160000000
0.099040000	-3.420000000	4.240000000
0.099120000	-3.380000000	4.040000000
0.099200000	-3.420000000	3.900000000
0.099280000	-3.420000000	3.980000000
0.099360000	-3.380000000	4.100000000
0.099440000	-3.380000000	4.220000000
0.099520000	-3.380000000	4.120000000
0.099600000	-3.380000000	3.860000000
0.099680000	-3.380000000	3.880000000
0.099760000	-3.380000000	4.040000000
0.099840000	-3.380000000	4.180000000
0.099920000	-3.380000000	4.180000000
0.100000000	-3.340000000	3.940000000
0.100080000	-3.340000000	3.840000000
0.100160000	-3.340000000	4.000000000
0.100240000	-3.340000000	4.160000000
0.100320000	-3.340000000	4.260000000
0.100400000	-3.300000000	4.120000000
0.100480000	-3.300000000	3.920000000
0.100560000	-3.340000000	3.980000000
0.100640000	-3.340000000	4.120000000
0.100720000	-3.300000000	4.240000000
0.100800000	-3.300000000	4.220000000
0.100880000	-3.300000000	3.960000000
0.100960000	-3.260000000	3.860000000
0.101040000	-3.300000000	3.980000000
0.101120000	-3.300000000	4.160000000
0.101200000	-3.300000000	4.220000000
0.101280000	-3.300000000	4.060000000
0.101360000	-3.300000000	3.860000000
0.101440000	-3.300000000	3.960000000
0.101520000	-3.300000000	4.100000000
0.101600000	-3.300000000	4.220000000
0.101680000	-3.300000000	4.300000000
0.101760000	-3.340000000	4.000000000
0.101840000	-3.340000000	3.900000000
0.101920000	-3.380000000	4.000000000
0.102000000	-3.380000000	4.120000000
0.102080000	-3.420000000	4.240000000
0.102160000	-3.420000000	4.200000000
0.102240000	-3.460000000	3.960000000
0.102320000	-3.460000000	3.900000000
0.102400000	-3.500000000	4.040000000
0.102480000	-3.500000000	4.180000000
0.102560000	-3.540000000	4.240000000
0.102640000	-3.540000000	4.180000000
0.102720000	-3.540000000	3.940000000
0.102800000	-3.540000000	3.980000000
0.102880000	-3.540000000	4.100000000
0.102960000	-3.540000000	4.220000000
0.103040000	-3.500000000	4.300000000
0.103120000	-3.460000000	4.080000000
0.103200000	-3.460000000	3.900000000
0.103280000	-3.460000000	3.920000000
0.103360000	-3.420000000	4.040000000
0.103440000	-3.340000000	4.180000000
0.103520000	-3.340000000	4.280000000
0.103600000	-3.340000000	4.160000000
0.103680000	-3.300000000	3.940000000
0.103760000	-3.260000000	3.920000000
0.103840000	-3.220000000	4.100000000
0.103920000	-3.180000000	4.220000000
0.104000000	-3.180000000	4.300000000
0.104080000	-3.140000000	4.300000000
0.104160000	-3.140000000	4.040000000
0.104240000	-3.100000000	4.020000000
0.104320000	-3.100000000	4.100000000
0.104400000	-3.060000000	4.180000000
0.104480000	-3.060000000	4.280000000
0.104560000	-3.060000000	4.240000000
0.104640000	-3.060000000	4.000000000
0.104720000	-3.020000000	3.900000000
0.104800000	-3.020000000	3.980000000
0.104880000	-3.020000000	4.120000000
0.104960000	-3.020000000	4.240000000
0.105040000	-2.980000000	4.220000000
0.105120000	-2.980000000	4.080000000
0.105200000	-2.980000000	3.900000000
0.105280000	-2.980000000	3.940000000
0.105360000	-2.980000000	4.080000000
0.105440000	-2.980000000	4.220000000
0.105520000	-2.940000000	4.300000000
0.105600000	-2.940000000	4.340000000
0.105680000	-2.940000000	4.080000000
0.105760000	-2.940000000	4.020000000
0.105840000	-2.940000000	4.060000000
0.105920000	-2.900000000	4.160000000
0.106000000	-2.940000000	4.260000000
0.106080000	-2.900000000	4.320000000
0.106160000	-2.900000000	4.260000000
0.106240000	-2.900000000	4.100000000
0.106320000	-2.900000000	4.000000000
0.106400000	-2.900000000	4.020000000
0.106480000	-2.900000000	4.180000000
0.106560000	-2.900000000	4.280000000
0.106640000	-2.860000000	4.300000000
0.106720000	-2.860000000	4.220000000
0.106800000	-2.860000000	4.040000000
0.106880000	-2.860000000	4.040000000
0.106960000	-2.860000000	4.140000000
0.107040000	-2.860000000	4.220000000
0.107120000	-2.820000000	4.300000000
0.107200000	-2.820000000	4.360000000
0.107280000	-2.820000000	4.320000000
0.107360000	-2.820000000	4.080000000
0.107440000	-2.820000000	4.020000000
0.107520000	-2.820000000	4.040000000
0.107600000	-2.780000000	4.120000000
0.107680000	-2.780000000	4.240000000
0.107760000	-2.780000000	4.320000000
0.107840000	-2.780000000	4.300000000
0.107920000	-2.780000000	4.180000000
0.108000000	-2.740000000	4.040000000
0.108080000	-2.740000000	4.000000000
0.108160000	-2.740000000	4.120000000
0.108240000	-2.740000000	4.240000000
0.108320000	-2.740000000	4.300000000
0.108400000	-2.740000000	4.340000000
0.108480000	-2.700000000	4.340000000
0.108560000	-2.700000000	4.320000000
0.108640000	-2.700000000	4.140000000
0.108720000	-2.700000000	4.160000000
0.108800000	-2.700000000	4.220000000
0.108880000	-2.700000000	4.280000000
0.108960000	-2.660000000	4.340000000
0.109040000	-2.660000000	4.400000000
0.109120000	-2.660000000	4.340000000
0.109200000	-2.660000000	4.140000000
0.109280000	-2.660000000	4.020000000
0.109360000	-2.660000000	4.000000000
0.109440000	-2.660000000	4.020000000
0.109520000	-2.620000000	4.120000000
0.109600000	-2.620000000	4.200000000
0.109680000	-2.620000000	4.320000000
0.109760000	-2.620000000	4.340000000
0.109840000	-2.580000000	4.300000000
0.109920000	-2.580000000	4.220000000
0.110000000	-2.580000000	4.120000000
0.110080000	-2.580000000	4.020000000
0.110160000	-2.580000000	4.080000000
0.110240000	-2.580000000	4.220000000
0.110320000	-2.540000000	4.300000000
0.110400000	-2.540000000	4.360000000
0.110480000	-2.540000000	4.400000000
0.110560000	-2.540000000	4.420000000
0.110640000	-2.500000000	4.440000000
0.110720000	-2.500000000	4.400000000
0.110800000	-2.500000000	4.220000000
0.110880000	-2.500000000	4.180000000
0.110960000	-2.500000000	4.180000000
0.111040000	-2.500000000	4.200000000
0.111120000	-2.460000000	4.240000000
0.111200000	-2.460000000	4.300000000
0.111280000	-2.460000000	4.360000000
0.111360000	-2.460000000	4.380000000
0.111440000	-2.460000000	4.440000000
0.111520000	-2.460000000	4.360000000
0.111600000	-2.420000000	4.260000000
0.111680000	-2.420000000	4.220000000
0.111760000	-2.420000000	4.240000000
0.111840000	-2.380000000	4.260000000
0.111920000	-2.380000000	4.300000000
0.112000000	-2.380000000	4.360000000
0.112080000	-2.380000000	4.380000000
0.112160000	-2.380000000	4.340000000
0.112240000	-2.340000000	4.300000000
0.112320000	-2.340000000	4.300000000
0.112400000	-2.340000000	4.340000000
0.112480000	-2.300000000	4.340000000
0.112560000	-2.300000000	4.280000000
0.112640000	-2.260000000	4.160000000
0.112720000	-2.260000000	4.140000000
0.112800000	-2.260000000	4.180000000
0.112880000	-2.260000000	4.240000000
0.112960000	-2.260000000	4.300000000
0.113040000	-2.260000000	4.360000000
0.113120000	-2.260000000	4.420000000
0.113200000	-2.260000000	4.380000000
0.113280000	-2.260000000	4.200000000
0.113360000	-2.260000000	4.140000000
0.113440000	-2.260000000	4.140000000
0.113520000	-2.220000000	4.220000000
0.113600000	-2.220000000	4.340000000
0.113680000	-2.260000000	4.400000000
0.113760000	-2.260000000	4.440000000
0.113840000	-2.220000000	4.320000000
0.113920000	-2.220000000	4.240000000
0.114000000	-2.220000000	4.300000000
0.114080000	-2.220000000	4.400000000
0.114160000	-2.220000000	4.440000000
0.114240000	-2.220000000	4.460000000
0.114320000	-2.220000000	4.300000000
0.114400000	-2.220000000	4.260000000
0.114480000	-2.220000000	4.300000000
0.114560000	-2.220000000	4.360000000
0.114640000	-2.220000000	4.420000000
0.114720000	-2.220000000	4.340000000
0.114800000	-2.180000000	4.200000000
0.114880000	-2.180000000	4.180000000
0.114960000	-2.180000000	4.280000000
0.115040000	-2.180000000	4.380000000
0.115120000	-2.180000000	4.440000000
0.115200000	-2.180000000	4.380000000
0.115280000	-2.180000000	4.320000000
0.115360000	-2.180000000	4.380000000
0.115440000	-2.180000000	4.420000000
0.115520000	-2.180000000	4.460000000
0.115600000	-2.180000000	4.300000000
0.115680000	-2.180000000	4.240000000
0.115760000	-2.180000000	4.280000000
0.115840000	-2.180000000	4.340000000
0.115920000	-2.180000000	4.420000000
0.116000000	-2.180000000	4.360000000
0.116080000	-2.140000000	4.240000000
0.116160000	-2.180000000	4.280000000
0.116240000	-2.180000000	4.360000000
0.116320000	-2.140000000	4.440000000
0.116400000	-2.140000000	4.460000000
0.116480000	-2.180000000	4.340000000
0.116560000	-2.140000000	4.360000000
0.116640000	-2.180000000	4.400000000
0.116720000	-2.140000000	4.440000000
0.116800000	-2.140000000	4.300000000
0.116880000	-2.140000000	4.220000000
0.116960000	-2.140000000	4.260000000
0.117040000	-2.140000000	4.340000000
0.117120000	-2.140000000	4.420000000
0.117200000	-2.140000000	4.380000000
0.117280000	-2.140000000	4.280000000
0.117360000	-2.140000000	4.340000000
0.117440000	-2.100000000	4.400000000
0.117520000	-2.100000000	4.460000000
0.117600000	-2.140000000	4.360000000
0.117680000	-2.100000000	4.320000000
0.117760000	-2.100000000	4.340000000
0.117840000	-2.100000000	4.400000000
0.117920000	-2.100000000	4.420000000
0.118000000	-2.100000000	4.280000000
0.118080000	-2.100000000	4.240000000
0.118160000	-2.100000000	4.280000000
0.118240000	-2.100000000	4.380000000
0.118320000	-2.100000000	4.440000000
0.118400000	-2.100000000	4.380000000
0.118480000	-2.100000000	4.340000000
0.118560000	-2.100000000	4.400000000
0.118640000	-2.100000000	4.440000000
0.118720000	-2.100000000	4.480000000
0.118800000	-2.060000000	4.320000000
0.118880000	-2.060000000	4.320000000
0.118960000	-2.060000000	4.360000000
0.119040000	-2.060000000	4.420000000
0.119120000	-2.100000000	4.420000000
0.119200000	-2.060000000	4.300000000
0.119280000	-2.060000000	4.240000000
0.119360000	-2.060000000	4.340000000
0.119440000	-2.060000000	4.420000000
0.119520000	-2.060000000	4.460000000
0.119600000	-2.060000000	4.400000000
0.119680000	-2.060000000	4.380000000
0.119760000	-2.020000000	4.420000000
0.119840000	-2.020000000	4.460000000
0.119920000	-2.020000000	4.420000000
0.120000000	-2.020000000	4.300000000
0.120080000	-2.020000000	4.280000000
0.120160000	-2.020000000	4.320000000
0.120240000	-2.020000000	4.400000000
0.120320000	-2.020000000	4.440000000
0.120400000	-2.020000000	4.340000000
0.120480000	-2.020000000	4.300000000
0.120560000	-2.020000000	4.380000000
0.120640000	-2.020000000	4.440000000
0.120720000	-2.020000000	4.500000000
0.120800000	-2.020000000	4.420000000
0.120880000	-1.980000000	4.380000000
0.120960000	-1.980000000	4.400000000
0.121040000	-2.020000000	4.440000000
0.121120000	-2.020000000	4.440000000
0.121200000	-2.020000000	4.300000000
0.121280000	-1.980000000	4.280000000
0.121360000	-2.020000000	4.300000000
0.121440000	-2.020000000	4.400000000
0.121520000	-1.980000000	4.460000000
0.121600000	-1.980000000	4.460000000
0.121680000	-1.980000000	4.360000000
0.121760000	-1.980000000	4.400000000
0.121840000	-1.940000000	4.460000000
0.121920000	-1.980000000	4.500000000
0.122000000	-1.980000000	4.440000000
0.122080000	-1.940000000	4.360000000
0.122160000	-1.940000000	4.360000000
0.122240000	-1.980000000	4.400000000
0.122320000	-1.940000000	4.460000000
0.122400000	-1.940000000	4.460000000
0.122480000	-1.940000000	4.320000000
0.122560000	-1.940000000	4.280000000
0.122640000	-1.940000000	4.340000000
0.122720000	-1.940000000	4.440000000
0.122800000	-1.940000000	4.480000000
0.122880000	-1.900000000	4.480000000
0.122960000	-1.940000000	4.400000000
0.123040000	-1.940000000	4.420000000
0.123120000	-1.940000000	4.460000000
0.123200000	-1.940000000	4.500000000
0.123280000	-1.900000000	4.460000000
0.123360000	-1.900000000	4.360000000
0.123440000	-1.900000000	4.360000000
0.123520000	-1.900000000	4.400000000
0.123600000	-1.900000000	4.460000000
0.123680000	-1.900000000	4.460000000
0.123760000	-1.900000000	4.420000000
0.123840000	-1.900000000	4.320000000
0.123920000	-1.900000000	4.340000000
0.124000000	-1.900000000	4.420000000
0.124080000	-1.900000000	4.480000000
0.124160000	-1.860000000	4.520000000
0.124240000	-1.900000000	4.440000000
0.124320000	-1.900000000	4.440000000
0.124400000	-1.900000000	4.460000000
0.124480000	-1.860000000	4.500000000
0.124560000	-1.860000000	4.500000000
0.124640000	-1.860000000	4.400000000
0.124720000	-1.900000000	4.320000000
0.124800000	-1.860000000	4.340000000
0.124880000	-1.860000000	4.380000000
0.124960000	-1.860000000	4.440000000
0.125040000	-1.860000000	4.480000000
0.125120000	-1.860000000	4.460000000
0.125200000	-1.820000000	4.360000000
0.125280000	-1.860000000	4.400000000
0.125360000	-1.820000000	4.460000000
0.125440000	-1.860000000	4.500000000
0.125520000	-1.860000000	4.520000000
0.125600000	-1.860000000	4.480000000
0.125680000	-1.820000000	4.420000000
0.125760000	-1.820000000	4.420000000
0.125840000	-1.820000000	4.480000000
0.125920000	-1.820000000	4.500000000
0.126000000	-1.820000000	4.460000000
0.126080000	-1.820000000	4.360000000
0.126160000	-1.820000000	4.320000000
0.126240000	-1.780000000	4.360000000
0.126320000	-1.820000000	4.420000000
0.126400000	-1.780000000	4.500000000
0.126480000	-1.780000000	4.520000000
0.126560000	-1.780000000	4.500000000
0.126640000	-1.780000000	4.420000000
0.126720000	-1.780000000	4.460000000
0.126800000	-1.820000000	4.500000000
0.126880000	-1.780000000	4.520000000
0.126960000	-1.780000000	4.560000000
0.127040000	-1.740000000	4.420000000
0.127120000	-1.780000000	4.400000000
0.127200000	-1.780000000	4.420000000
0.127280000	-1.780000000	4.460000000
0.127360000	-1.740000000	4.500000000
0.127440000	-1.780000000	4.500000000
0.127520000	-1.740000000	4.400000000
0.127600000	-1.740000000	4.340000000
0.127680000	-1.740000000	4.360000000
0.127760000	-1.740000000	4.440000000
0.127840000	-1.740000000	4.500000000
0.127920000	-1.740000000	4.520000000
0.128000000	-1.740000000	4.540000000
0.128080000	-1.740000000	4.460000000
0.128160000	-1.740000000	4.460000000
0.128240000	-1.740000000	4.500000000
0.128320000	-1.700000000	4.520000000
0.128400000	-1.700000000	4.540000000
0.128480000	-1.700000000	4.480000000
0.128560000	-1.700000000	4.400000000
0.128640000	-1.700000000	4.420000000
0.128720000	-1.700000000	4.420000000
0.128800000	-1.700000000	4.480000000
0.128880000	-1.700000000	4.520000000
0.128960000	-1.700000000	4.520000000
0.129040000	-1.700000000	4.460000000
0.129120000	-1.700000000	4.380000000
0.129200000	-1.700000000	4.400000000
0.129280000	-1.700000000	4.460000000
0.129360000	-1.700000000	4.500000000
0.129440000	-1.660000000	4.540000000
0.129520000	-1.700000000	4.560000000
0.129600000	-1.700000000	4.540000000
0.129680000	-1.700000000	4.460000000
0.129760000	-1.700000000	4.440000000
0.129840000	-1.700000000	4.440000000
0.129920000	-1.700000000	4.480000000
0.130000000	-1.700000000	4.480000000
0.130080000	-1.700000000	4.500000000
0.130160000	-1.700000000	4.500000000
0.130240000	-1.700000000	4.520000000
0.130320000	-1.700000000	4.520000000
0.130400000	-1.700000000	4.520000000
0.130480000	-1.740000000	4.540000000
0.130560000	-1.700000000	4.540000000
0.130640000	-1.700000000	4.520000000
0.130720000	-1.740000000	4.540000000
0.130800000	-1.740000000	4.520000000
0.130880000	-1.740000000	4.520000000
0.130960000	-1.780000000	4.520000000
0.131040000	-1.740000000	4.520000000
0.131120000	-1.740000000	4.500000000
0.131200000	-1.740000000	4.500000000
0.131280000	-1.780000000	4.480000000
0.131360000	-1.780000000	4.460000000
0.131440000	-1.740000000	4.420000000
0.131520000	-1.740000000	4.360000000
0.131600000	-1.740000000	4.360000000
0.131680000	-1.740000000	4.440000000
0.131760000	-1.780000000	4.500000000
0.131840000	-1.780000000	4.520000000
0.131920000	-1.780000000	4.560000000
0.132000000	-1.780000000	4.560000000
0.132080000	-1.780000000	4.560000000
0.132160000	-1.780000000	4.560000000
0.132240000	-1.780000000	4.560000000
0.132320000	-1.780000000	4.520000000
0.132400000	-1.820000000	4.420000000
0.132480000	-1.780000000	4.340000000
0.132560000	-1.780000000	4.320000000
0.132640000	-1.820000000	4.360000000
0.132720000	-1.820000000	4.420000000
0.132800000	-1.820000000	4.480000000
0.132880000	-1.820000000	4.520000000
0.132960000	-1.820000000	4.540000000
0.133040000	-1.820000000	4.500000000
0.133120000	-1.820000000	4.480000000
0.133200000	-1.820000000	4.420000000
0.133280000	-1.820000000	4.380000000
0.133360000	-1.820000000	4.300000000
0.133440000	-1.860000000	4.240000000
0.133520000	-1.820000000	4.360000000
0.133600000	-1.860000000	4.440000000
0.133680000	-1.860000000	4.480000000
0.133760000	-1.860000000	4.500000000
0.133840000	-1.860000000	4.480000000
0.133920000	-1.860000000	4.460000000
0.134000000	-1.860000000	4.380000000
0.134080000	-1.860000000	4.440000000
0.134160000	-1.860000000	4.480000000
0.134240000	-1.900000000	4.520000000
0.134320000	-1.900000000	4.540000000
0.134400000	-1.900000000	4.540000000
0.134480000	-1.900000000	4.460000000
0.134560000	-1.860000000	4.340000000
0.134640000	-1.900000000	4.300000000
0.134720000	-1.900000000	4.340000000
0.134800000	-1.900000000	4.420000000
0.134880000	-1.900000000	4.460000000
0.134960000	-1.900000000	4.460000000
0.135040000	-1.900000000	4.440000000
0.135120000	-1.900000000	4.400000000
0.135200000	-1.900000000	4.300000000
0.135280000	-1.940000000	4.300000000
0.135360000	-1.900000000	4.400000000
0.135440000	-1.900000000	4.440000000
0.135520000	-1.900000000	4.480000000
0.135600000	-1.940000000	4.480000000
0.135680000	-1.940000000	4.400000000
0.135760000	-1.940000000	4.420000000
0.135840000	-1.940000000	4.460000000
0.135920000	-1.940000000	4.500000000
0.136000000	-1.940000000	4.540000000
0.136080000	-1.940000000	4.480000000
0.136160000	-1.940000000	4.400000000
0.136240000	-1.940000000	4.280000000
0.136320000	-1.940000000	4.260000000
0.136400000	-1.940000000	4.340000000
0.136480000	-1.980000000	4.420000000
0.136560000	-1.940000000	4.440000000
0.136640000	-1.980000000	4.420000000
0.136720000	-1.940000000	4.380000000
0.136800000	-1.980000000	4.300000000
0.136880000	-1.980000000	4.400000000
0.136960000	-1.980000000	4.460000000
0.137040000	-1.980000000	4.480000000
0.137120000	-1.980000000	4.500000000
0.137200000	-1.980000000	4.380000000
0.137280000	-1.980000000	4.360000000
0.137360000	-1.980000000	4.420000000
0.137440000	-1.980000000	4.460000000
0.137520000	-2.020000000	4.500000000
0.137600000	-1.980000000	4.440000000
0.137680000	-2.020000000	4.340000000
0.137760000	-2.020000000	4.240000000
0.137840000	-2.020000000	4.260000000
0.137920000	-2.020000000	4.380000000
0.138000000	-1.980000000	4.420000000
0.138080000	-2.020000000	4.420000000
0.138160000	-2.020000000	4.380000000
0.138240000	-2.020000000	4.320000000
0.138320000	-2.020000000	4.420000000
0.138400000	-2.020000000	4.460000000
0.138480000	-2.020000000	4.500000000
0.138560000	-2.020000000	4.440000000
0.138640000	-2.020000000	4.300000000
0.138720000	-2.060000000	4.320000000
0.138800000	-2.020000000	4.380000000
0.138880000	-2.060000000	4.460000000
0.138960000	-2.060000000	4.440000000
0.139040000	-2.060000000	4.380000000
0.139120000	-2.060000000	4.280000000
0.139200000	-2.060000000	4.220000000
0.139280000	-2.060000000	4.340000000
0.139360000	-2.060000000	4.400000000
0.139440000	-2.060000000	4.420000000
0.139520000	-2.060000000	4.380000000
0.139600000	-2.060000000	4.360000000
0.139680000	-2.060000000	4.440000000
0.139760000	-2.060000000	4.480000000
0.139840000	-2.060000000	4.500000000
0.139920000	-2.100000000	4.400000000
0.140000000	-2.100000000	4.260000000
0.140080000	-2.100000000	4.260000000
0.140160000	-2.100000000	4.360000000
0.140240000	-2.100000000	4.400000000
0.140320000	-2.100000000	4.400000000
0.140400000	-2.100000000	4.320000000
0.140480000	-2.100000000	4.220000000
0.140560000	-2.100000000	4.320000000
0.140640000	-2.100000000	4.420000000
0.140720000	-2.100000000	4.440000000
0.140800000	-2.100000000	4.400000000
0.140880000	-2.100000000	4.360000000
0.140960000	-2.100000000	4.420000000
0.141040000	-2.100000000	4.460000000
0.141120000	-2.100000000	4.480000000
0.141200000	-2.140000000	4.360000000
0.141280000	-2.140000000	4.240000000
0.141360000	-2.140000000	4.220000000
0.141440000	-2.140000000	4.320000000
0.141520000	-2.140000000	4.380000000
0.141600000	-2.140000000	4.360000000
0.141680000	-2.140000000	4.280000000
0.141760000	-2.140000000	4.320000000
0.141840000	-2.140000000	4.420000000
0.141920000	-2.140000000	4.440000000
0.142000000	-2.140000000	4.440000000
0.142080000	-2.140000000	4.300000000
0.142160000	-2.140000000	4.340000000
0.142240000	-2.140000000	4.420000000
0.142320000	-2.180000000	4.440000000
0.142400000	-2.180000000	4.360000000
0.142480000	-2.180000000	4.240000000
0.142560000	-2.180000000	4.200000000
0.142640000	-2.180000000	4.320000000
0.142720000	-2.180000000	4.360000000
0.142800000	-2.180000000	4.380000000
0.142880000	-2.180000000	4.280000000
0.142960000	-2.180000000	4.360000000
0.143040000	-2.180000000	4.440000000
0.143120000	-2.180000000	4.460000000
0.143200000	-2.180000000	4.360000000
0.143280000	-2.220000000	4.240000000
0.143360000	-2.180000000	4.300000000
0.143440000	-2.220000000	4.400000000
0.143520000	-2.220000000	4.380000000
0.143600000	-2.180000000	4.340000000
0.143680000	-2.220000000	4.200000000
0.143760000	-2.220000000	4.260000000
0.143840000	-2.180000000	4.360000000
0.143920000	-2.220000000	4.400000000
0.144000000	-2.220000000	4.320000000
0.144080000	-2.220000000	4.340000000
0.144160000	-2.220000000	4.420000000
0.144240000	-2.220000000	4.460000000
0.144320000	-2.220000000	4.380000000
0.144400000	-2.220000000	4.240000000
0.144480000	-2.220000000	4.220000000
0.144560000	-2.220000000	4.340000000
0.144640000	-2.220000000	4.360000000
0.144720000	-2.220000000	4.320000000
0.144800000	-2.220000000	4.220000000
0.144880000	-2.260000000	4.280000000
0.144960000	-2.260000000	4.380000000
0.145040000	-2.220000000	4.420000000
0.145120000	-2.220000000	4.300000000
0.145200000	-2.220000000	4.340000000
0.145280000	-2.260000000	4.400000000
0.145360000	-2.260000000	4.440000000
0.145440000	-2.260000000	4.360000000
0.145520000	-2.260000000	4.220000000
0.145600000	-2.260000000	4.180000000
0.145680000	-2.260000000	4.300000000
0.145760000	-2.260000000	4.340000000
0.145840000	-2.260000000	4.300000000
0.145920000	-2.260000000	4.300000000
0.146000000	-2.260000000	4.380000000
0.146080000	-2.260000000	4.420000000
0.146160000	-2.300000000	4.380000000
0.146240000	-2.260000000	4.260000000
0.146320000	-2.300000000	4.320000000
0.146400000	-2.300000000	4.400000000
0.146480000	-2.300000000	4.340000000
0.146560000	-2.300000000	4.240000000
0.146640000	-2.300000000	4.220000000
0.146720000	-2.340000000	4.260000000
0.146800000	-2.340000000	4.220000000
0.146880000	-2.340000000	4.160000000
0.146960000	-2.380000000	4.240000000
0.147040000	-2.420000000	4.300000000
0.147120000	-2.380000000	4.280000000
0.147200000	-2.420000000	4.280000000
0.147280000	-2.420000000	4.300000000
0.147360000	-2.420000000	4.360000000
0.147440000	-2.460000000	4.420000000
0.147520000	-2.460000000	4.460000000
0.147600000	-2.460000000	4.340000000
0.147680000	-2.460000000	4.220000000
0.147760000	-2.460000000	4.120000000
0.147840000	-2.500000000	4.020000000
0.147920000	-2.500000000	4.020000000
0.148000000	-2.500000000	4.180000000
0.148080000	-2.500000000	4.280000000
0.148160000	-2.500000000	4.320000000
0.148240000	-2.540000000	4.320000000
0.148320000	-2.540000000	4.300000000
0.148400000	-2.540000000	4.260000000
0.148480000	-2.540000000	4.120000000
0.148560000	-2.540000000	4.200000000
0.148640000	-2.540000000	4.280000000
0.148720000	-2.580000000	4.360000000
0.148800000	-2.580000000	4.400000000
0.148880000	-2.580000000	4.440000000
0.148960000	-2.580000000	4.440000000
0.149040000	-2.580000000	4.320000000
0.149120000	-2.580000000	4.200000000
0.149200000	-2.620000000	4.180000000
0.149280000	-2.620000000	4.220000000
0.149360000	-2.620000000	4.320000000
0.149440000	-2.620000000	4.380000000
0.149520000	-2.620000000	4.400000000
0.149600000	-2.660000000	4.360000000
0.149680000	-2.660000000	4.280000000
0.149760000	-2.660000000	4.200000000
0.149840000	-2.660000000	4.100000000
0.149920000	-2.660000000	3.980000000
0.150000000	-2.700000000	3.900000000
0.150080000	-2.700000000	3.980000000
0.150160000	-2.700000000	4.180000000
0.150240000	-2.700000000	4.260000000
0.150320000	-2.700000000	4.320000000
0.150400000	-2.700000000	4.320000000
0.150480000	-2.740000000	4.280000000
0.150560000	-2.740000000	4.120000000
0.150640000	-2.700000000	4.080000000
0.150720000	-2.740000000	4.120000000
0.150800000	-2.740000000	4.220000000
0.150880000	-2.740000000	4.320000000
0.150960000	-2.780000000	4.360000000
0.151040000	-2.780000000	4.400000000
0.151120000	-2.780000000	4.260000000
0.151200000	-2.740000000	4.080000000
0.151280000	-2.780000000	4.000000000
0.151360000	-2.780000000	4.000000000
0.151440000	-2.780000000	4.120000000
0.151520000	-2.820000000	4.260000000
0.151600000	-2.820000000	4.320000000
0.151680000	-2.820000000	4.280000000
0.151760000	-2.820000000	4.220000000
0.151840000	-2.820000000	4.120000000
0.151920000	-2.820000000	4.000000000
0.152000000	-2.860000000	3.880000000
0.152080000	-2.860000000	4.080000000
0.152160000	-2.860000000	4.220000000
0.152240000	-2.860000000	4.300000000
0.152320000	-2.900000000	4.320000000
0.152400000	-2.860000000	4.320000000
0.152480000	-2.900000000	4.260000000
0.152560000	-2.860000000	4.080000000
0.152640000	-2.900000000	4.060000000
0.152720000	-2.900000000	4.200000000
0.152800000	-2.900000000	4.300000000
0.152880000	-2.900000000	4.360000000
0.152960000	-2.900000000	4.320000000
0.153040000	-2.900000000	4.160000000
0.153120000	-2.940000000	3.980000000
0.153200000	-2.940000000	3.860000000
0.153280000	-2.940000000	3.900000000
0.153360000	-2.940000000	4.060000000
0.153440000	-2.940000000	4.220000000
0.153520000	-2.940000000	4.240000000
0.153600000	-2.980000000	4.220000000
0.153680000	-2.980000000	4.160000000
0.153760000	-2.980000000	4.020000000
0.153840000	-2.980000000	3.980000000
0.153920000	-3.020000000	4.120000000
0.154000000	-2.980000000	4.240000000
0.154080000	-3.020000000	4.300000000
0.154160000	-3.020000000	4.320000000
0.154240000	-3.020000000	4.160000000
0.154320000	-3.020000000	4.020000000
0.154400000	-3.020000000	4.060000000
0.154480000	-3.020000000	4.200000000
0.154560000	-3.060000000	4.300000000
0.154640000	-3.060000000	4.360000000
0.154720000	-3.020000000	4.240000000
0.154800000	-3.060000000	4.080000000
0.154880000	-3.060000000	3.880000000
0.154960000	-3.060000000	3.780000000
0.155040000	-3.060000000	4.000000000
0.155120000	-3.060000000	4.140000000
0.155200000	-3.060000000	4.200000000
0.155280000	-3.100000000	4.200000000
0.155360000	-3.100000000	4.120000000
0.155440000	-3.100000000	3.920000000
0.155520000	-3.100000000	4.040000000
0.155600000	-3.100000000	4.180000000
0.155680000	-3.100000000	4.280000000
0.155760000	-3.140000000	4.320000000
0.155840000	-3.140000000	4.180000000
0.155920000	-3.140000000	4.000000000
0.156000000	-3.140000000	4.000000000
0.156080000	-3.140000000	4.120000000
0.156160000	-3.140000000	4.260000000
0.156240000	-3.180000000	4.280000000
0.156320000	-3.140000000	4.200000000
0.156400000	-3.180000000	4.040000000
0.156480000	-3.180000000	3.860000000
0.156560000	-3.180000000	3.780000000
0.156640000	-3.180000000	4.020000000
0.156720000	-3.180000000	4.160000000
0.156800000	-3.220000000	4.220000000
0.156880000	-3.220000000	4.180000000
0.156960000	-3.220000000	3.960000000
0.157040000	-3.220000000	3.960000000
0.157120000	-3.220000000	4.100000000
0.157200000	-3.220000000	4.240000000
0.157280000	-3.260000000	4.300000000
0.157360000	-3.260000000	4.160000000
0.157440000	-3.260000000	3.920000000
0.157520000	-3.260000000	3.800000000
0.157600000	-3.300000000	3.960000000
0.157680000	-3.300000000	4.140000000
0.157760000	-3.300000000	4.180000000
0.157840000	-3.300000000	4.120000000
0.157920000	-3.340000000	4.000000000
0.158000000	-3.340000000	3.780000000
0.158080000	-3.380000000	3.960000000
0.158160000	-3.420000000	4.140000000
0.158240000	-3.420000000	4.220000000
0.158320000	-3.420000000	4.240000000
0.158400000	-3.460000000	4.080000000
0.158480000	-3.540000000	3.960000000
0.158560000	-3.540000000	4.100000000
0.158640000	-3.540000000	4.220000000
0.158720000	-3.580000000	4.280000000
0.158800000	-3.660000000	4.140000000
0.158880000	-3.660000000	3.920000000
0.158960000	-2.500000000	4.020000000
0.159040000	-2.500000000	4.000000000
0.159120000	-2.500000000	4.180000000
0.159200000	-2.500000000	4.280000000
0.159280000	-2.500000000	4.320000000
0.159360000	-2.540000000	4.340000000
