0.000000000	-4.360000000	3.660000000
0.000016000	-4.360000000	3.700000000
0.000032000	-4.360000000	3.740000000
0.000048000	-4.360000000	3.780000000
0.000064000	-4.360000000	3.800000000
0.000080000	-4.360000000	3.820000000
0.000096000	-4.400000000	3.820000000
0.000112000	-4.400000000	3.800000000
0.000128000	-4.360000000	3.800000000
0.000144000	-4.400000000	3.780000000
0.000160000	-4.400000000	3.760000000
0.000176000	-4.400000000	3.720000000
0.000192000	-4.400000000	3.700000000
0.000208000	-4.400000000	3.680000000
0.000224000	-4.400000000	3.660000000
0.000240000	-4.400000000	3.620000000
0.000256000	-4.400000000	3.620000000
0.000272000	-4.400000000	3.600000000
0.000288000	-4.400000000	3.600000000
0.000304000	-4.400000000	3.600000000
0.000320000	-4.400000000	3.580000000
0.000336000	-4.360000000	3.580000000
0.000352000	-4.400000000	3.600000000
0.000368000	-4.360000000	3.580000000
0.000384000	-4.400000000	3.600000000
0.000400000	-4.400000000	3.600000000
0.000416000	-4.400000000	3.600000000
0.000432000	-4.360000000	3.620000000
0.000448000	-4.400000000	3.620000000
0.000464000	-4.400000000	3.620000000
0.000480000	-4.360000000	3.640000000
0.000496000	-4.360000000	3.660000000
0.000512000	-4.360000000	3.660000000
0.000528000	-4.360000000	3.680000000
0.000544000	-4.360000000	3.680000000
0.000560000	-4.360000000	3.720000000
0.000576000	-4.360000000	3.740000000
0.000592000	-4.360000000	3.740000000
0.000608000	-4.360000000	3.760000000
0.000624000	-4.360000000	3.780000000
0.000640000	-4.360000000	3.800000000
0.000656000	-4.360000000	3.820000000
0.000672000	-4.360000000	3.840000000
0.000688000	-4.360000000	3.860000000
0.000704000	-4.320000000	3.880000000
0.000720000	-4.320000000	3.900000000
0.000736000	-4.360000000	3.920000000
0.000752000	-4.320000000	3.920000000
0.000768000	-4.320000000	3.940000000
0.000784000	-4.320000000	3.960000000
0.000800000	-4.320000000	3.960000000
0.000816000	-4.320000000	3.940000000
0.000832000	-4.320000000	3.940000000
0.000848000	-4.320000000	3.920000000
0.000864000	-4.320000000	3.900000000
0.000880000	-4.320000000	3.880000000
0.000896000	-4.320000000	3.840000000
0.000912000	-4.320000000	3.820000000
0.000928000	-4.320000000	3.780000000
0.000944000	-4.280000000	3.720000000
0.000960000	-4.280000000	3.700000000
0.000976000	-4.280000000	3.640000000
0.000992000	-4.280000000	3.600000000
0.001008000	-4.280000000	3.560000000
0.001024000	-4.280000000	3.500000000
0.001040000	-4.320000000	3.460000000
0.001056000	-4.280000000	3.420000000
0.001072000	-4.280000000	3.360000000
0.001088000	-4.320000000	3.320000000
0.001104000	-4.280000000	3.280000000
0.001120000	-4.280000000	3.240000000
0.001136000	-4.280000000	3.200000000
0.001152000	-4.280000000	3.180000000
0.001168000	-4.280000000	3.160000000
0.001184000	-4.280000000	3.140000000
0.001200000	-4.280000000	3.140000000
0.001216000	-4.280000000	3.120000000
0.001232000	-4.280000000	3.140000000
0.001248000	-4.320000000	3.140000000
0.001264000	-4.280000000	3.160000000
0.001280000	-4.280000000	3.180000000
0.001296000	-4.320000000	3.200000000
0.001312000	-4.280000000	3.240000000
0.001328000	-4.280000000	3.280000000
0.001344000	-4.280000000	3.340000000
0.001360000	-4.280000000	3.380000000
0.001376000	-4.240000000	3.420000000
0.001392000	-4.280000000	3.480000000
0.001408000	-4.280000000	3.540000000
0.001424000	-4.240000000	3.600000000
0.001440000	-4.240000000	3.660000000
0.001456000	-4.240000000	3.700000000
0.001472000	-4.280000000	3.760000000
0.001488000	-4.240000000	3.800000000
0.001504000	-4.240000000	3.840000000
0.001520000	-4.240000000	3.880000000
0.001536000	-4.240000000	3.940000000
0.001552000	-4.240000000	3.960000000
0.001568000	-4.240000000	4.000000000
0.001584000	-4.240000000	4.020000000
0.001600000	-4.240000000	4.060000000
0.001616000	-4.240000000	4.080000000
0.001632000	-4.240000000	4.100000000
0.001648000	-4.240000000	4.140000000
0.001664000	-4.240000000	4.140000000
0.001680000	-4.240000000	4.160000000
0.001696000	-4.240000000	4.180000000
0.001712000	-4.240000000	4.200000000
0.001728000	-4.240000000	4.200000000
0.001744000	-4.240000000	4.200000000
0.001760000	-4.280000000	4.200000000
0.001776000	-4.240000000	4.200000000
0.001792000	-4.240000000	4.200000000
0.001808000	-4.240000000	4.160000000
0.001824000	-4.240000000	4.120000000
0.001840000	-4.240000000	4.060000000
0.001856000	-4.240000000	4.000000000
0.001872000	-4.240000000	3.920000000
0.001888000	-4.240000000	3.820000000
0.001904000	-4.240000000	3.720000000
0.001920000	-4.240000000	3.640000000
0.001936000	-4.240000000	3.580000000
0.001952000	-4.240000000	3.520000000
0.001968000	-4.240000000	3.480000000
0.001984000	-4.240000000	3.440000000
0.002000000	-4.240000000	3.440000000
0.002016000	-4.240000000	3.440000000
0.002032000	-4.240000000	3.460000000
0.002048000	-4.240000000	3.480000000
0.002064000	-4.240000000	3.520000000
0.002080000	-4.240000000	3.540000000
0.002096000	-4.200000000	3.580000000
0.002112000	-4.240000000	3.620000000
0.002128000	-4.240000000	3.660000000
0.002144000	-4.240000000	3.700000000
0.002160000	-4.240000000	3.740000000
0.002176000	-4.240000000	3.780000000
0.002192000	-4.200000000	3.820000000
0.002208000	-4.240000000	3.860000000
0.002224000	-4.200000000	3.880000000
0.002240000	-4.240000000	3.920000000
0.002256000	-4.240000000	3.960000000
0.002272000	-4.240000000	3.980000000
0.002288000	-4.240000000	4.020000000
0.002304000	-4.200000000	4.040000000
0.002320000	-4.240000000	4.080000000
0.002336000	-4.200000000	4.100000000
0.002352000	-4.240000000	4.100000000
0.002368000	-4.200000000	4.140000000
0.002384000	-4.200000000	4.160000000
0.002400000	-4.240000000	4.160000000
0.002416000	-4.240000000	4.180000000
0.002432000	-4.200000000	4.160000000
0.002448000	-4.240000000	4.120000000
0.002464000	-4.240000000	4.040000000
0.002480000	-4.200000000	3.960000000
0.002496000	-4.200000000	3.860000000
0.002512000	-4.240000000	3.740000000
0.002528000	-4.240000000	3.660000000
0.002544000	-4.200000000	3.600000000
0.002560000	-4.200000000	3.540000000
0.002576000	-4.200000000	3.520000000
0.002592000	-4.200000000	3.500000000
0.002608000	-4.240000000	3.480000000
0.002624000	-4.200000000	3.480000000
0.002640000	-4.200000000	3.480000000
0.002656000	-4.200000000	3.520000000
0.002672000	-4.200000000	3.520000000
0.002688000	-4.240000000	3.560000000
0.002704000	-4.200000000	3.600000000
0.002720000	-4.200000000	3.600000000
0.002736000	-4.200000000	3.660000000
0.002752000	-4.200000000	3.700000000
0.002768000	-4.200000000	3.740000000
0.002784000	-4.200000000	3.780000000
0.002800000	-4.200000000	3.820000000
0.002816000	-4.200000000	3.880000000
0.002832000	-4.200000000	3.920000000
0.002848000	-4.200000000	3.960000000
0.002864000	-4.200000000	3.980000000
0.002880000	-4.200000000	4.020000000
0.002896000	-4.200000000	4.040000000
0.002912000	-4.200000000	4.080000000
0.002928000	-4.200000000	4.100000000
0.002944000	-4.200000000	4.120000000
0.002960000	-4.200000000	4.100000000
0.002976000	-4.200000000	4.100000000
0.002992000	-4.200000000	4.080000000
0.003008000	-4.200000000	4.020000000
0.003024000	-4.200000000	3.940000000
0.003040000	-4.200000000	3.840000000
0.003056000	-4.200000000	3.740000000
0.003072000	-4.200000000	3.660000000
0.003088000	-4.200000000	3.600000000
0.003104000	-4.200000000	3.560000000
0.003120000	-4.200000000	3.500000000
0.003136000	-4.200000000	3.500000000
0.003152000	-4.160000000	3.500000000
0.003168000	-4.200000000	3.520000000
0.003184000	-4.200000000	3.540000000
0.003200000	-4.200000000	3.560000000
0.003216000	-4.200000000	3.600000000
0.003232000	-4.160000000	3.640000000
0.003248000	-4.200000000	3.700000000
0.003264000	-4.200000000	3.760000000
0.003280000	-4.200000000	3.800000000
0.003296000	-4.200000000	3.840000000
0.003312000	-4.200000000	3.880000000
0.003328000	-4.200000000	3.940000000
0.003344000	-4.200000000	3.960000000
0.003360000	-4.200000000	4.020000000
0.003376000	-4.200000000	4.040000000
0.003392000	-4.200000000	4.060000000
0.003408000	-4.200000000	4.080000000
0.003424000	-4.200000000	4.100000000
0.003440000	-4.200000000	4.120000000
0.003456000	-4.160000000	4.120000000
0.003472000	-4.200000000	4.100000000
0.003488000	-4.160000000	4.060000000
0.003504000	-4.160000000	3.980000000
0.003520000	-4.200000000	3.860000000
0.003536000	-4.160000000	3.760000000
0.003552000	-4.200000000	3.700000000
0.003568000	-4.160000000	3.640000000
0.003584000	-4.160000000	3.600000000
0.003600000	-4.200000000	3.600000000
0.003616000	-4.160000000	3.600000000
0.003632000	-4.200000000	3.600000000
0.003648000	-4.160000000	3.640000000
0.003664000	-4.200000000	3.660000000
0.003680000	-4.160000000	3.700000000
0.003696000	-4.200000000	3.720000000
0.003712000	-4.160000000	3.760000000
0.003728000	-4.160000000	3.800000000
0.003744000	-4.160000000	3.840000000
0.003760000	-4.200000000	3.880000000
0.003776000	-4.160000000	3.920000000
0.003792000	-4.160000000	3.960000000
0.003808000	-4.160000000	4.000000000
0.003824000	-4.160000000	4.020000000
0.003840000	-4.160000000	4.040000000
0.003856000	-4.160000000	4.080000000
0.003872000	-4.160000000	4.100000000
0.003888000	-4.160000000	4.120000000
0.003904000	-4.200000000	4.100000000
0.003920000	-4.160000000	4.060000000
0.003936000	-4.160000000	4.000000000
0.003952000	-4.160000000	3.880000000
0.003968000	-4.160000000	3.800000000
0.003984000	-4.160000000	3.700000000
0.004000000	-4.160000000	3.640000000
0.004016000	-4.160000000	3.600000000
0.004032000	-4.160000000	3.560000000
0.004048000	-4.160000000	3.540000000
0.004064000	-4.160000000	3.560000000
0.004080000	-4.160000000	3.560000000
0.004096000	-4.160000000	3.580000000
0.004112000	-4.160000000	3.600000000
0.004128000	-4.120000000	3.640000000
0.004144000	-4.160000000	3.660000000
0.004160000	-4.160000000	3.720000000
0.004176000	-4.160000000	3.760000000
0.004192000	-4.160000000	3.820000000
0.004208000	-4.160000000	3.860000000
0.004224000	-4.160000000	3.900000000
0.004240000	-4.160000000	3.940000000
0.004256000	-4.160000000	3.980000000
0.004272000	-4.160000000	4.020000000
0.004288000	-4.160000000	4.040000000
0.004304000	-4.160000000	4.080000000
0.004320000	-4.160000000	4.080000000
0.004336000	-4.160000000	4.080000000
0.004352000	-4.160000000	4.080000000
0.004368000	-4.160000000	4.020000000
0.004384000	-4.120000000	3.960000000
0.004400000	-4.160000000	3.840000000
0.004416000	-4.160000000	3.760000000
0.004432000	-4.160000000	3.680000000
0.004448000	-4.120000000	3.640000000
0.004464000	-4.120000000	3.600000000
0.004480000	-4.160000000	3.600000000
0.004496000	-4.160000000	3.600000000
0.004512000	-4.160000000	3.620000000
0.004528000	-4.160000000	3.660000000
0.004544000	-4.120000000	3.700000000
0.004560000	-4.160000000	3.740000000
0.004576000	-4.120000000	3.780000000
0.004592000	-4.120000000	3.800000000
0.004608000	-4.120000000	3.860000000
0.004624000	-4.120000000	3.900000000
0.004640000	-4.120000000	3.940000000
0.004656000	-4.120000000	3.980000000
0.004672000	-4.120000000	4.020000000
0.004688000	-4.160000000	4.040000000
0.004704000	-4.120000000	4.080000000
0.004720000	-4.120000000	4.100000000
0.004736000	-4.120000000	4.100000000
0.004752000	-4.120000000	4.100000000
0.004768000	-4.120000000	4.060000000
0.004784000	-4.120000000	3.980000000
0.004800000	-4.160000000	3.880000000
0.004816000	-4.120000000	3.780000000
0.004832000	-4.120000000	3.720000000
0.004848000	-4.120000000	3.680000000
0.004864000	-4.120000000	3.640000000
0.004880000	-4.120000000	3.660000000
0.004896000	-4.120000000	3.640000000
0.004912000	-4.080000000	3.660000000
0.004928000	-4.120000000	3.680000000
0.004944000	-4.120000000	3.720000000
0.004960000	-4.120000000	3.760000000
0.004976000	-4.120000000	3.780000000
0.004992000	-4.120000000	3.820000000
0.005008000	-4.120000000	3.860000000
0.005024000	-4.120000000	3.900000000
0.005040000	-4.120000000	3.940000000
0.005056000	-4.120000000	3.980000000
0.005072000	-4.120000000	4.000000000
0.005088000	-4.120000000	4.040000000
0.005104000	-4.120000000	4.080000000
0.005120000	-4.120000000	4.080000000
0.005136000	-4.120000000	4.080000000
0.005152000	-4.120000000	4.040000000
0.005168000	-4.120000000	3.960000000
0.005184000	-4.120000000	3.860000000
0.005200000	-4.120000000	3.780000000
0.005216000	-4.120000000	3.700000000
0.005232000	-4.120000000	3.640000000
0.005248000	-4.120000000	3.600000000
0.005264000	-4.120000000	3.560000000
0.005280000	-4.120000000	3.580000000
0.005296000	-4.120000000	3.580000000
0.005312000	-4.120000000	3.600000000
0.005328000	-4.120000000	3.620000000
0.005344000	-4.120000000	3.680000000
0.005360000	-4.120000000	3.720000000
0.005376000	-4.120000000	3.740000000
0.005392000	-4.080000000	3.800000000
0.005408000	-4.120000000	3.860000000
0.005424000	-4.120000000	3.900000000
0.005440000	-4.120000000	3.940000000
0.005456000	-4.080000000	3.980000000
0.005472000	-4.120000000	4.020000000
0.005488000	-4.120000000	4.040000000
0.005504000	-4.120000000	4.080000000
0.005520000	-4.080000000	4.080000000
0.005536000	-4.120000000	4.080000000
0.005552000	-4.120000000	4.060000000
0.005568000	-4.120000000	3.980000000
0.005584000	-4.080000000	3.880000000
0.005600000	-4.120000000	3.800000000
0.005616000	-4.080000000	3.720000000
0.005632000	-4.120000000	3.680000000
0.005648000	-4.120000000	3.660000000
0.005664000	-4.120000000	3.640000000
0.005680000	-4.120000000	3.660000000
0.005696000	-4.120000000	3.680000000
0.005712000	-4.080000000	3.720000000
0.005728000	-4.080000000	3.740000000
0.005744000	-4.120000000	3.800000000
0.005760000	-4.120000000	3.840000000
0.005776000	-4.120000000	3.880000000
0.005792000	-4.080000000	3.920000000
0.005808000	-4.120000000	3.960000000
0.005824000	-4.080000000	3.980000000
0.005840000	-4.080000000	4.020000000
0.005856000	-4.080000000	4.060000000
0.005872000	-4.080000000	4.080000000
0.005888000	-4.080000000	4.100000000
0.005904000	-4.080000000	4.120000000
0.005920000	-4.120000000	4.100000000
0.005936000	-4.080000000	4.040000000
0.005952000	-4.120000000	3.940000000
0.005968000	-4.080000000	3.820000000
0.005984000	-4.080000000	3.740000000
0.006000000	-4.080000000	3.700000000
0.006016000	-4.080000000	3.660000000
0.006032000	-4.080000000	3.660000000
0.006048000	-4.120000000	3.660000000
0.006064000	-4.080000000	3.660000000
0.006080000	-4.080000000	3.680000000
0.006096000	-4.120000000	3.700000000
0.006112000	-4.080000000	3.740000000
0.006128000	-4.080000000	3.780000000
0.006144000	-4.120000000	3.820000000
0.006160000	-4.080000000	3.860000000
0.006176000	-4.080000000	3.900000000
0.006192000	-4.080000000	3.940000000
0.006208000	-4.080000000	3.980000000
0.006224000	-4.080000000	4.020000000
0.006240000	-4.120000000	4.040000000
0.006256000	-4.080000000	4.060000000
0.006272000	-4.080000000	4.080000000
0.006288000	-4.120000000	4.080000000
0.006304000	-4.120000000	4.040000000
0.006320000	-4.120000000	3.980000000
0.006336000	-4.080000000	3.880000000
0.006352000	-4.120000000	3.800000000
0.006368000	-4.120000000	3.720000000
0.006384000	-4.120000000	3.660000000
0.006400000	-4.120000000	3.640000000
0.006416000	-4.120000000	3.620000000
0.006432000	-4.120000000	3.600000000
0.006448000	-4.120000000	3.640000000
0.006464000	-4.120000000	3.660000000
0.006480000	-4.120000000	3.700000000
0.006496000	-4.120000000	3.740000000
0.006512000	-4.160000000	3.780000000
0.006528000	-4.120000000	3.820000000
0.006544000	-4.120000000	3.880000000
0.006560000	-4.160000000	3.920000000
0.006576000	-4.160000000	3.960000000
0.006592000	-4.160000000	4.000000000
0.006608000	-4.160000000	4.040000000
0.006624000	-4.160000000	4.060000000
0.006640000	-4.160000000	4.080000000
0.006656000	-4.160000000	4.080000000
0.006672000	-4.160000000	4.100000000
0.006688000	-4.200000000	4.060000000
0.006704000	-4.200000000	4.000000000
0.006720000	-4.200000000	3.900000000
0.006736000	-4.200000000	3.820000000
0.006752000	-4.200000000	3.740000000
0.006768000	-4.200000000	3.700000000
0.006784000	-4.240000000	3.700000000
0.006800000	-4.240000000	3.700000000
0.006816000	-4.240000000	3.700000000
0.006832000	-4.240000000	3.720000000
0.006848000	-4.240000000	3.740000000
0.006864000	-4.240000000	3.800000000
0.006880000	-4.280000000	3.820000000
0.006896000	-4.280000000	3.840000000
0.006912000	-4.280000000	3.900000000
0.006928000	-4.280000000	3.940000000
0.006944000	-4.280000000	3.980000000
0.006960000	-4.320000000	4.000000000
0.006976000	-4.320000000	4.040000000
0.006992000	-4.360000000	4.060000000
0.007008000	-4.360000000	4.100000000
0.007024000	-4.320000000	4.120000000
0.007040000	-4.360000000	4.120000000
0.007056000	-4.360000000	4.080000000
0.007072000	-4.360000000	3.980000000
0.007088000	-4.400000000	3.880000000
0.007104000	-4.400000000	3.800000000
0.007120000	-4.400000000	3.740000000
0.007136000	-4.440000000	3.680000000
0.007152000	-4.440000000	3.660000000
0.007168000	-4.480000000	3.660000000
0.007184000	-4.480000000	3.640000000
0.007200000	-4.520000000	3.680000000
0.007216000	-4.520000000	3.700000000
0.007232000	-4.520000000	3.720000000
0.007248000	-4.560000000	3.760000000
0.007264000	-4.560000000	3.800000000
0.007280000	-4.560000000	3.840000000
0.007296000	-4.600000000	3.880000000
0.007312000	-4.600000000	3.940000000
0.007328000	-4.600000000	3.980000000
0.007344000	-4.640000000	4.000000000
0.007360000	-4.680000000	4.040000000
0.007376000	-4.680000000	4.060000000
0.007392000	-4.680000000	4.080000000
0.007408000	-4.720000000	4.100000000
0.007424000	-4.720000000	4.080000000
0.007440000	-4.760000000	4.040000000
0.007456000	-4.760000000	3.960000000
0.007472000	-4.800000000	3.880000000
0.007488000	-4.800000000	3.800000000
0.007504000	-4.840000000	3.720000000
0.007520000	-4.840000000	3.700000000
0.007536000	-4.880000000	3.680000000
0.007552000	-4.880000000	3.660000000
0.007568000	-4.880000000	3.680000000
0.007584000	-4.920000000	3.720000000
0.007600000	-4.920000000	3.740000000
0.007616000	-4.920000000	3.800000000
0.007632000	-4.960000000	3.840000000
0.007648000	-5.000000000	3.880000000
0.007664000	-5.000000000	3.920000000
0.007680000	-5.000000000	3.960000000
0.007696000	-5.040000000	4.000000000
0.007712000	-5.040000000	4.040000000
0.007728000	-5.040000000	4.060000000
0.007744000	-5.080000000	4.080000000
0.007760000	-5.080000000	4.100000000
0.007776000	-5.120000000	4.120000000
0.007792000	-5.120000000	4.120000000
0.007808000	-5.120000000	4.080000000
0.007824000	-5.120000000	3.980000000
0.007840000	-5.120000000	3.880000000
0.007856000	-5.120000000	3.820000000
0.007872000	-5.160000000	3.760000000
0.007888000	-5.160000000	3.720000000
0.007904000	-5.160000000	3.720000000
0.007920000	-5.160000000	3.720000000
0.007936000	-5.160000000	3.740000000
0.007952000	-5.160000000	3.760000000
0.007968000	-5.160000000	3.780000000
0.007984000	-5.160000000	3.820000000
0.008000000	-5.160000000	3.860000000
0.008016000	-5.160000000	3.900000000
0.008032000	-5.160000000	3.920000000
0.008048000	-5.160000000	3.960000000
0.008064000	-5.200000000	4.000000000
0.008080000	-5.160000000	4.040000000
0.008096000	-5.160000000	4.060000000
0.008112000	-5.120000000	4.100000000
0.008128000	-5.120000000	4.120000000
0.008144000	-5.120000000	4.120000000
0.008160000	-5.080000000	4.080000000
0.008176000	-5.080000000	4.000000000
0.008192000	-5.080000000	3.900000000
0.008208000	-5.040000000	3.820000000
0.008224000	-5.040000000	3.740000000
0.008240000	-5.040000000	3.700000000
0.008256000	-5.040000000	3.680000000
0.008272000	-5.000000000	3.660000000
0.008288000	-5.000000000	3.660000000
0.008304000	-4.960000000	3.680000000
0.008320000	-4.960000000	3.700000000
0.008336000	-4.960000000	3.740000000
0.008352000	-4.920000000	3.780000000
0.008368000	-4.880000000	3.820000000
0.008384000	-4.880000000	3.860000000
0.008400000	-4.840000000	3.920000000
0.008416000	-4.840000000	3.960000000
0.008432000	-4.800000000	4.000000000
0.008448000	-4.800000000	4.020000000
0.008464000	-4.760000000	4.060000000
0.008480000	-4.760000000	4.080000000
0.008496000	-4.720000000	4.100000000
0.008512000	-4.720000000	4.120000000
0.008528000	-4.680000000	4.100000000
0.008544000	-4.680000000	4.040000000
0.008560000	-4.640000000	3.960000000
0.008576000	-4.600000000	3.880000000
0.008592000	-4.600000000	3.820000000
0.008608000	-4.600000000	3.760000000
0.008624000	-4.560000000	3.720000000
0.008640000	-4.520000000	3.720000000
0.008656000	-4.520000000	3.720000000
0.008672000	-4.480000000	3.740000000
0.008688000	-4.440000000	3.760000000
0.008704000	-4.440000000	3.800000000
0.008720000	-4.400000000	3.840000000
0.008736000	-4.400000000	3.880000000
0.008752000	-4.400000000	3.920000000
0.008768000	-4.360000000	3.980000000
0.008784000	-4.360000000	4.000000000
0.008800000	-4.320000000	4.040000000
0.008816000	-4.320000000	4.060000000
0.008832000	-4.320000000	4.100000000
0.008848000	-4.320000000	4.120000000
0.008864000	-4.280000000	4.140000000
0.008880000	-4.240000000	4.140000000
0.008896000	-4.240000000	4.100000000
0.008912000	-4.240000000	4.020000000
0.008928000	-4.240000000	3.940000000
0.008944000	-4.200000000	3.840000000
0.008960000	-4.200000000	3.800000000
0.008976000	-4.200000000	3.740000000
0.008992000	-4.200000000	3.740000000
0.009008000	-4.200000000	3.740000000
0.009024000	-4.200000000	3.740000000
0.009040000	-4.200000000	3.760000000
0.009056000	-4.160000000	3.800000000
0.009072000	-4.160000000	3.820000000
0.009088000	-4.160000000	3.840000000
0.009104000	-4.160000000	3.900000000
0.009120000	-4.160000000	3.940000000
0.009136000	-4.160000000	3.980000000
0.009152000	-4.160000000	4.000000000
0.009168000	-4.160000000	4.040000000
0.009184000	-4.160000000	4.080000000
0.009200000	-4.160000000	4.100000000
0.009216000	-4.160000000	4.120000000
0.009232000	-4.160000000	4.140000000
0.009248000	-4.200000000	4.120000000
0.009264000	-4.200000000	4.060000000
0.009280000	-4.200000000	3.960000000
0.009296000	-4.240000000	3.880000000
0.009312000	-4.240000000	3.780000000
0.009328000	-4.240000000	3.740000000
0.009344000	-4.240000000	3.700000000
0.009360000	-4.280000000	3.680000000
0.009376000	-4.280000000	3.680000000
0.009392000	-4.280000000	3.680000000
0.009408000	-4.320000000	3.700000000
0.009424000	-4.360000000	3.720000000
0.009440000	-4.360000000	3.780000000
0.009456000	-4.400000000	3.820000000
0.009472000	-4.400000000	3.860000000
0.009488000	-4.440000000	3.900000000
0.009504000	-4.440000000	3.960000000
0.009520000	-4.480000000	4.000000000
0.009536000	-4.480000000	4.020000000
0.009552000	-4.520000000	4.060000000
0.009568000	-4.560000000	4.100000000
0.009584000	-4.600000000	4.120000000
0.009600000	-4.640000000	4.120000000
0.009616000	-4.680000000	4.120000000
0.009632000	-4.720000000	4.080000000
0.009648000	-4.720000000	4.020000000
0.009664000	-4.760000000	3.920000000
0.009680000	-4.800000000	3.840000000
0.009696000	-4.840000000	3.780000000
0.009712000	-4.880000000	3.740000000
0.009728000	-4.880000000	3.720000000
0.009744000	-4.960000000	3.740000000
0.009760000	-4.960000000	3.760000000
0.009776000	-5.040000000	3.780000000
0.009792000	-5.080000000	3.820000000
0.009808000	-5.120000000	3.840000000
0.009824000	-5.160000000	3.880000000
0.009840000	-5.200000000	3.920000000
0.009856000	-5.240000000	3.960000000
0.009872000	-5.280000000	4.000000000
0.009888000	-5.320000000	4.040000000
0.009904000	-5.400000000	4.060000000
0.009920000	-5.440000000	4.100000000
0.009936000	-5.480000000	4.100000000
0.009952000	-5.480000000	4.140000000
0.009968000	-5.520000000	4.160000000
0.009984000	-5.560000000	4.140000000
0.010000000	-5.600000000	4.080000000
0.010016000	-5.640000000	3.980000000
0.010032000	-5.680000000	3.880000000
0.010048000	-5.720000000	3.800000000
0.010064000	-5.760000000	3.760000000
0.010080000	-5.760000000	3.740000000
0.010096000	-5.840000000	3.720000000
0.010112000	-5.880000000	3.720000000
0.010128000	-5.920000000	3.740000000
0.010144000	-5.920000000	3.760000000
0.010160000	-5.960000000	3.800000000
0.010176000	-6.000000000	3.820000000
0.010192000	-6.040000000	3.860000000
0.010208000	-6.080000000	3.900000000
0.010224000	-6.080000000	3.940000000
0.010240000	-6.120000000	3.960000000
0.010256000	-6.120000000	4.020000000
0.010272000	-6.120000000	4.060000000
0.010288000	-6.160000000	4.080000000
0.010304000	-6.160000000	4.100000000
0.010320000	-6.160000000	4.120000000
0.010336000	-6.200000000	4.120000000
0.010352000	-6.200000000	4.100000000
0.010368000	-6.240000000	4.040000000
0.010384000	-6.280000000	3.940000000
0.010400000	-6.240000000	3.860000000
0.010416000	-6.240000000	3.800000000
0.010432000	-6.240000000	3.740000000
0.010448000	-6.240000000	3.720000000
0.010464000	-6.280000000	3.700000000
0.010480000	-6.280000000	3.700000000
0.010496000	-6.240000000	3.720000000
0.010512000	-6.240000000	3.740000000
0.010528000	-6.240000000	3.800000000
0.010544000	-6.240000000	3.820000000
0.010560000	-6.200000000	3.880000000
0.010576000	-6.200000000	3.920000000
0.010592000	-6.160000000	3.960000000
0.010608000	-6.160000000	4.000000000
0.010624000	-6.120000000	4.040000000
0.010640000	-6.120000000	4.060000000
0.010656000	-6.080000000	4.100000000
0.010672000	-6.080000000	4.120000000
0.010688000	-6.080000000	4.120000000
0.010704000	-6.080000000	4.140000000
0.010720000	-6.040000000	4.120000000
0.010736000	-6.000000000	4.080000000
0.010752000	-6.000000000	3.980000000
0.010768000	-5.960000000	3.900000000
0.010784000	-5.920000000	3.820000000
0.010800000	-5.840000000	3.780000000
0.010816000	-5.800000000	3.760000000
0.010832000	-5.800000000	3.740000000
0.010848000	-5.760000000	3.760000000
0.010864000	-5.680000000	3.780000000
0.010880000	-5.640000000	3.820000000
0.010896000	-5.600000000	3.840000000
0.010912000	-5.560000000	3.880000000
0.010928000	-5.520000000	3.920000000
0.010944000	-5.520000000	3.940000000
0.010960000	-5.440000000	4.000000000
0.010976000	-5.440000000	4.020000000
0.010992000	-5.400000000	4.060000000
0.011008000	-5.360000000	4.080000000
0.011024000	-5.280000000	4.120000000
0.011040000	-5.240000000	4.140000000
0.011056000	-5.200000000	4.160000000
0.011072000	-5.120000000	4.160000000
0.011088000	-5.080000000	4.100000000
0.011104000	-5.040000000	4.020000000
0.011120000	-5.000000000	3.920000000
0.011136000	-4.960000000	3.840000000
0.011152000	-4.920000000	3.780000000
0.011168000	-4.880000000	3.740000000
0.011184000	-4.840000000	3.720000000
0.011200000	-4.800000000	3.720000000
0.011216000	-4.760000000	3.740000000
0.011232000	-4.720000000	3.740000000
0.011248000	-4.680000000	3.780000000
0.011264000	-4.640000000	3.800000000
0.011280000	-4.600000000	3.840000000
0.011296000	-4.600000000	3.880000000
0.011312000	-4.560000000	3.920000000
0.011328000	-4.520000000	3.960000000
0.011344000	-4.480000000	4.000000000
0.011360000	-4.440000000	4.040000000
0.011376000	-4.400000000	4.060000000
0.011392000	-4.400000000	4.100000000
0.011408000	-4.360000000	4.140000000
0.011424000	-4.320000000	4.140000000
0.011440000	-4.280000000	4.140000000
0.011456000	-4.280000000	4.140000000
0.011472000	-4.240000000	4.080000000
0.011488000	-4.200000000	4.020000000
0.011504000	-4.200000000	3.920000000
0.011520000	-4.200000000	3.840000000
0.011536000	-4.200000000	3.780000000
0.011552000	-4.160000000	3.760000000
0.011568000	-4.120000000	3.760000000
0.011584000	-4.080000000	3.760000000
0.011600000	-4.080000000	3.780000000
0.011616000	-4.080000000	3.800000000
0.011632000	-4.040000000	3.840000000
0.011648000	-4.040000000	3.860000000
0.011664000	-4.000000000	3.920000000
0.011680000	-4.000000000	3.940000000
0.011696000	-4.000000000	4.000000000
0.011712000	-4.000000000	4.020000000
0.011728000	-3.960000000	4.060000000
0.011744000	-3.960000000	4.100000000
0.011760000	-3.960000000	4.120000000
0.011776000	-3.920000000	4.140000000
0.011792000	-3.960000000	4.160000000
0.011808000	-3.960000000	4.180000000
0.011824000	-3.920000000	4.160000000
0.011840000	-3.880000000	4.120000000
0.011856000	-3.880000000	4.020000000
0.011872000	-3.920000000	3.940000000
0.011888000	-3.880000000	3.860000000
0.011904000	-3.880000000	3.820000000
0.011920000	-3.880000000	3.800000000
0.011936000	-3.880000000	3.800000000
0.011952000	-3.880000000	3.800000000
0.011968000	-3.880000000	3.820000000
0.011984000	-3.880000000	3.840000000
0.012000000	-3.840000000	3.860000000
0.012016000	-3.880000000	3.900000000
0.012032000	-3.880000000	3.940000000
0.012048000	-3.840000000	3.960000000
0.012064000	-3.840000000	4.000000000
0.012080000	-3.840000000	4.020000000
0.012096000	-3.840000000	4.060000000
0.012112000	-3.840000000	4.100000000
0.012128000	-3.840000000	4.120000000
0.012144000	-3.840000000	4.160000000
0.012160000	-3.840000000	4.180000000
0.012176000	-3.840000000	4.180000000
0.012192000	-3.840000000	4.160000000
0.012208000	-3.840000000	4.100000000
0.012224000	-3.840000000	4.000000000
0.012240000	-3.840000000	3.920000000
0.012256000	-3.840000000	3.840000000
0.012272000	-3.840000000	3.780000000
0.012288000	-3.800000000	3.760000000
0.012304000	-3.800000000	3.760000000
0.012320000	-3.840000000	3.760000000
0.012336000	-3.840000000	3.760000000
0.012352000	-3.840000000	3.780000000
0.012368000	-3.800000000	3.820000000
0.012384000	-3.840000000	3.840000000
0.012400000	-3.840000000	3.880000000
0.012416000	-3.800000000	3.920000000
0.012432000	-3.840000000	3.960000000
0.012448000	-3.800000000	4.000000000
0.012464000	-3.840000000	4.020000000
0.012480000	-3.800000000	4.060000000
0.012496000	-3.840000000	4.100000000
0.012512000	-3.800000000	4.120000000
0.012528000	-3.800000000	4.140000000
0.012544000	-3.800000000	4.160000000
0.012560000	-3.800000000	4.160000000
0.012576000	-3.840000000	4.120000000
0.012592000	-3.800000000	4.100000000
0.012608000	-3.800000000	4.020000000
0.012624000	-3.800000000	3.920000000
0.012640000	-3.800000000	3.860000000
0.012656000	-3.800000000	3.800000000
0.012672000	-3.800000000	3.780000000
0.012688000	-3.800000000	3.760000000
0.012704000	-3.800000000	3.780000000
0.012720000	-3.800000000	3.800000000
0.012736000	-3.800000000	3.820000000
0.012752000	-3.800000000	3.860000000
0.012768000	-3.800000000	3.900000000
0.012784000	-3.800000000	3.940000000
0.012800000	-3.800000000	3.980000000
0.012816000	-3.800000000	4.020000000
0.012832000	-3.800000000	4.040000000
0.012848000	-3.800000000	4.080000000
0.012864000	-3.800000000	4.100000000
0.012880000	-3.800000000	4.140000000
0.012896000	-3.760000000	4.160000000
0.012912000	-3.760000000	4.160000000
0.012928000	-3.800000000	4.200000000
0.012944000	-3.760000000	4.180000000
0.012960000	-3.760000000	4.160000000
0.012976000	-3.760000000	4.060000000
0.012992000	-3.760000000	3.980000000
0.013008000	-3.760000000	3.880000000
0.013024000	-3.760000000	3.840000000
0.013040000	-3.760000000	3.800000000
0.013056000	-3.800000000	3.800000000
0.013072000	-3.760000000	3.800000000
0.013088000	-3.760000000	3.820000000
0.013104000	-3.800000000	3.840000000
0.013120000	-3.800000000	3.860000000
0.013136000	-3.760000000	3.880000000
0.013152000	-3.760000000	3.920000000
0.013168000	-3.760000000	3.960000000
0.013184000	-3.760000000	3.980000000
0.013200000	-3.760000000	4.020000000
0.013216000	-3.760000000	4.040000000
0.013232000	-3.760000000	4.080000000
0.013248000	-3.760000000	4.120000000
0.013264000	-3.760000000	4.140000000
0.013280000	-3.760000000	4.180000000
0.013296000	-3.760000000	4.180000000
0.013312000	-3.760000000	4.180000000
0.013328000	-3.760000000	4.140000000
0.013344000	-3.760000000	4.080000000
0.013360000	-3.760000000	3.980000000
0.013376000	-3.760000000	3.900000000
0.013392000	-3.760000000	3.840000000
0.013408000	-3.760000000	3.780000000
0.013424000	-3.760000000	3.760000000
0.013440000	-3.760000000	3.740000000
0.013456000	-3.760000000	3.740000000
0.013472000	-3.760000000	3.740000000
0.013488000	-3.760000000	3.760000000
0.013504000	-3.760000000	3.800000000
0.013520000	-3.760000000	3.840000000
0.013536000	-3.760000000	3.880000000
0.013552000	-3.720000000	3.900000000
0.013568000	-3.720000000	3.960000000
0.013584000	-3.720000000	3.980000000
0.013600000	-3.760000000	4.040000000
0.013616000	-3.760000000	4.080000000
0.013632000	-3.760000000	4.100000000
0.013648000	-3.760000000	4.140000000
0.013664000	-3.720000000	4.160000000
0.013680000	-3.760000000	4.180000000
0.013696000	-3.760000000	4.160000000
0.013712000	-3.760000000	4.140000000
0.013728000	-3.760000000	4.080000000
0.013744000	-3.760000000	4.000000000
0.013760000	-3.720000000	3.920000000
0.013776000	-3.760000000	3.840000000
0.013792000	-3.720000000	3.820000000
0.013808000	-3.720000000	3.800000000
0.013824000	-3.720000000	3.780000000
0.013840000	-3.720000000	3.800000000
0.013856000	-3.720000000	3.820000000
0.013872000	-3.720000000	3.840000000
0.013888000	-3.760000000	3.880000000
0.013904000	-3.720000000	3.920000000
0.013920000	-3.720000000	3.940000000
0.013936000	-3.720000000	3.980000000
0.013952000	-3.720000000	4.020000000
0.013968000	-3.720000000	4.040000000
0.013984000	-3.720000000	4.080000000
0.014000000	-3.720000000	4.120000000
0.014016000	-3.720000000	4.140000000
0.014032000	-3.720000000	4.160000000
0.014048000	-3.720000000	4.180000000
0.014064000	-3.720000000	4.200000000
0.014080000	-3.720000000	4.200000000
0.014096000	-3.720000000	4.180000000
0.014112000	-3.760000000	4.080000000
0.014128000	-3.720000000	4.000000000
0.014144000	-3.720000000	3.920000000
0.014160000	-3.720000000	3.860000000
0.014176000	-3.720000000	3.820000000
0.014192000	-3.720000000	3.800000000
0.014208000	-3.720000000	3.800000000
0.014224000	-3.720000000	3.820000000
0.014240000	-3.720000000	3.800000000
0.014256000	-3.720000000	3.840000000
0.014272000	-3.720000000	3.860000000
0.014288000	-3.720000000	3.900000000
0.014304000	-3.720000000	3.920000000
0.014320000	-3.720000000	3.960000000
0.014336000	-3.720000000	4.000000000
0.014352000	-3.720000000	4.040000000
0.014368000	-3.680000000	4.060000000
0.014384000	-3.680000000	4.080000000
0.014400000	-3.720000000	4.120000000
0.014416000	-3.720000000	4.160000000
0.014432000	-3.680000000	4.180000000
0.014448000	-3.720000000	4.180000000
0.014464000	-3.680000000	4.180000000
0.014480000	-3.720000000	4.140000000
0.014496000	-3.720000000	4.080000000
0.014512000	-3.680000000	3.980000000
0.014528000	-3.720000000	3.900000000
0.014544000	-3.680000000	3.840000000
0.014560000	-3.680000000	3.800000000
0.014576000	-3.680000000	3.760000000
0.014592000	-3.680000000	3.760000000
0.014608000	-3.680000000	3.760000000
0.014624000	-3.680000000	3.780000000
0.014640000	-3.680000000	3.820000000
0.014656000	-3.680000000	3.840000000
0.014672000	-3.680000000	3.860000000
0.014688000	-3.680000000	3.920000000
0.014704000	-3.680000000	3.940000000
0.014720000	-3.680000000	4.000000000
0.014736000	-3.720000000	4.040000000
0.014752000	-3.680000000	4.060000000
0.014768000	-3.680000000	4.100000000
0.014784000	-3.680000000	4.120000000
0.014800000	-3.680000000	4.160000000
0.014816000	-3.680000000	4.180000000
0.014832000	-3.680000000	4.180000000
0.014848000	-3.640000000	4.180000000
0.014864000	-3.680000000	4.140000000
0.014880000	-3.680000000	4.080000000
0.014896000	-3.680000000	4.000000000
0.014912000	-3.680000000	3.920000000
0.014928000	-3.640000000	3.860000000
0.014944000	-3.680000000	3.820000000
0.014960000	-3.680000000	3.780000000
0.014976000	-3.680000000	3.780000000
0.014992000	-3.680000000	3.800000000
0.015008000	-3.680000000	3.820000000
0.015024000	-3.680000000	3.840000000
0.015040000	-3.680000000	3.880000000
0.015056000	-3.680000000	3.920000000
0.015072000	-3.680000000	3.940000000
0.015088000	-3.680000000	3.980000000
0.015104000	-3.640000000	4.020000000
0.015120000	-3.640000000	4.040000000
0.015136000	-3.680000000	4.080000000
0.015152000	-3.680000000	4.120000000
0.015168000	-3.680000000	4.140000000
0.015184000	-3.680000000	4.160000000
0.015200000	-3.680000000	4.180000000
0.015216000	-3.640000000	4.220000000
0.015232000	-3.680000000	4.200000000
0.015248000	-3.640000000	4.180000000
0.015264000	-3.640000000	4.100000000
0.015280000	-3.680000000	4.000000000
0.015296000	-3.680000000	3.920000000
0.015312000	-3.640000000	3.860000000
0.015328000	-3.680000000	3.820000000
0.015344000	-3.640000000	3.800000000
0.015360000	-3.640000000	3.780000000
0.015376000	-3.680000000	3.800000000
0.015392000	-3.640000000	3.800000000
0.015408000	-3.680000000	3.820000000
0.015424000	-3.680000000	3.840000000
0.015440000	-3.680000000	3.880000000
0.015456000	-3.680000000	3.920000000
0.015472000	-3.680000000	3.960000000
0.015488000	-3.680000000	4.000000000
0.015504000	-3.680000000	4.020000000
0.015520000	-3.640000000	4.060000000
0.015536000	-3.640000000	4.080000000
0.015552000	-3.640000000	4.120000000
0.015568000	-3.680000000	4.140000000
0.015584000	-3.680000000	4.160000000
0.015600000	-3.680000000	4.180000000
0.015616000	-3.680000000	4.200000000
0.015632000	-3.680000000	4.180000000
0.015648000	-3.680000000	4.160000000
0.015664000	-3.680000000	4.080000000
0.015680000	-3.680000000	4.020000000
0.015696000	-3.680000000	3.940000000
0.015712000	-3.680000000	3.880000000
0.015728000	-3.680000000	3.820000000
0.015744000	-3.680000000	3.800000000
0.015760000	-3.720000000	3.800000000
0.015776000	-3.720000000	3.800000000
0.015792000	-3.720000000	3.820000000
0.015808000	-3.720000000	3.860000000
0.015824000	-3.720000000	3.880000000
0.015840000	-3.720000000	3.920000000
0.015856000	-3.720000000	3.960000000
0.015872000	-3.760000000	4.000000000
0.015888000	-3.760000000	4.040000000
0.015904000	-3.760000000	4.060000000
0.015920000	-3.800000000	4.080000000
0.015936000	-3.800000000	4.120000000
0.015952000	-3.800000000	4.160000000
0.015968000	-3.800000000	4.180000000
0.015984000	-3.800000000	4.200000000
0.016000000	-3.840000000	4.200000000
0.016016000	-3.840000000	4.220000000
0.016032000	-3.840000000	4.200000000
0.016048000	-3.880000000	4.140000000
0.016064000	-3.880000000	4.060000000
0.016080000	-3.880000000	3.960000000
0.016096000	-3.880000000	3.900000000
0.016112000	-3.920000000	3.860000000
0.016128000	-3.920000000	3.840000000
0.016144000	-3.960000000	3.840000000
0.016160000	-3.960000000	3.840000000
0.016176000	-3.960000000	3.860000000
0.016192000	-3.960000000	3.880000000
0.016208000	-4.000000000	3.900000000
0.016224000	-4.000000000	3.940000000
0.016240000	-4.040000000	3.960000000
0.016256000	-4.040000000	3.980000000
0.016272000	-4.080000000	4.020000000
0.016288000	-4.120000000	4.040000000
0.016304000	-4.120000000	4.080000000
0.016320000	-4.160000000	4.120000000
0.016336000	-4.160000000	4.140000000
0.016352000	-4.160000000	4.180000000
0.016368000	-4.160000000	4.200000000
0.016384000	-4.200000000	4.220000000
0.016400000	-4.200000000	4.220000000
0.016416000	-4.240000000	4.200000000
0.016432000	-4.240000000	4.160000000
0.016448000	-4.280000000	4.060000000
0.016464000	-4.280000000	3.980000000
0.016480000	-4.280000000	3.920000000
0.016496000	-4.320000000	3.840000000
0.016512000	-4.360000000	3.820000000
0.016528000	-4.360000000	3.820000000
0.016544000	-4.400000000	3.800000000
0.016560000	-4.440000000	3.800000000
0.016576000	-4.440000000	3.820000000
0.016592000	-4.480000000	3.820000000
0.016608000	-4.480000000	3.860000000
0.016624000	-4.520000000	3.880000000
0.016640000	-4.520000000	3.920000000
0.016656000	-4.560000000	3.960000000
0.016672000	-4.560000000	4.000000000
0.016688000	-4.560000000	4.040000000
0.016704000	-4.560000000	4.060000000
0.016720000	-4.560000000	4.080000000
0.016736000	-4.560000000	4.120000000
0.016752000	-4.600000000	4.160000000
0.016768000	-4.640000000	4.180000000
0.016784000	-4.640000000	4.200000000
0.016800000	-4.640000000	4.200000000
0.016816000	-4.680000000	4.200000000
0.016832000	-4.720000000	4.160000000
0.016848000	-4.760000000	4.120000000
0.016864000	-4.760000000	4.040000000
0.016880000	-4.800000000	3.980000000
0.016896000	-4.760000000	3.920000000
0.016912000	-4.760000000	3.860000000
0.016928000	-4.760000000	3.820000000
0.016944000	-4.720000000	3.800000000
0.016960000	-4.760000000	3.800000000
0.016976000	-4.760000000	3.820000000
0.016992000	-4.720000000	3.860000000
0.017008000	-4.720000000	3.880000000
0.017024000	-4.720000000	3.920000000
0.017040000	-4.720000000	3.960000000
0.017056000	-4.720000000	4.000000000
0.017072000	-4.720000000	4.020000000
0.017088000	-4.680000000	4.060000000
0.017104000	-4.720000000	4.100000000
0.017120000	-4.760000000	4.140000000
0.017136000	-4.760000000	4.160000000
0.017152000	-4.760000000	4.180000000
0.017168000	-4.760000000	4.200000000
0.017184000	-4.760000000	4.220000000
0.017200000	-4.760000000	4.220000000
0.017216000	-4.760000000	4.240000000
0.017232000	-4.680000000	4.220000000
0.017248000	-4.680000000	4.140000000
0.017264000	-4.640000000	4.040000000
0.017280000	-4.640000000	3.980000000
0.017296000	-4.640000000	3.920000000
0.017312000	-4.600000000	3.880000000
0.017328000	-4.560000000	3.880000000
0.017344000	-4.560000000	3.860000000
0.017360000	-4.520000000	3.880000000
0.017376000	-4.520000000	3.880000000
0.017392000	-4.520000000	3.920000000
0.017408000	-4.480000000	3.940000000
0.017424000	-4.480000000	3.960000000
0.017440000	-4.480000000	3.980000000
0.017456000	-4.480000000	4.000000000
0.017472000	-4.480000000	4.040000000
0.017488000	-4.480000000	4.060000000
0.017504000	-4.440000000	4.100000000
0.017520000	-4.400000000	4.120000000
0.017536000	-4.360000000	4.160000000
0.017552000	-4.320000000	4.180000000
0.017568000	-4.320000000	4.200000000
0.017584000	-4.280000000	4.220000000
0.017600000	-4.280000000	4.220000000
0.017616000	-4.240000000	4.220000000
0.017632000	-4.200000000	4.180000000
0.017648000	-4.160000000	4.100000000
0.017664000	-4.160000000	4.020000000
0.017680000	-4.160000000	3.960000000
0.017696000	-4.120000000	3.900000000
0.017712000	-4.120000000	3.840000000
0.017728000	-4.080000000	3.820000000
0.017744000	-4.080000000	3.800000000
0.017760000	-4.040000000	3.800000000
0.017776000	-4.040000000	3.800000000
0.017792000	-4.040000000	3.820000000
0.017808000	-4.000000000	3.840000000
0.017824000	-3.960000000	3.880000000
0.017840000	-3.960000000	3.920000000
0.017856000	-3.960000000	3.940000000
0.017872000	-3.880000000	4.000000000
0.017888000	-3.880000000	4.020000000
0.017904000	-3.880000000	4.060000000
0.017920000	-3.840000000	4.100000000
0.017936000	-3.840000000	4.120000000
0.017952000	-3.800000000	4.160000000
0.017968000	-3.800000000	4.180000000
0.017984000	-3.800000000	4.180000000
0.018000000	-3.760000000	4.200000000
0.018016000	-3.760000000	4.200000000
0.018032000	-3.760000000	4.160000000
0.018048000	-3.760000000	4.120000000
0.018064000	-3.720000000	4.040000000
0.018080000	-3.720000000	3.980000000
0.018096000	-3.720000000	3.900000000
0.018112000	-3.680000000	3.860000000
0.018128000	-3.680000000	3.820000000
0.018144000	-3.680000000	3.820000000
0.018160000	-3.640000000	3.820000000
0.018176000	-3.640000000	3.840000000
0.018192000	-3.640000000	3.860000000
0.018208000	-3.640000000	3.880000000
0.018224000	-3.600000000	3.940000000
0.018240000	-3.600000000	3.960000000
0.018256000	-3.600000000	4.000000000
0.018272000	-3.600000000	4.020000000
0.018288000	-3.560000000	4.060000000
0.018304000	-3.560000000	4.080000000
0.018320000	-3.560000000	4.120000000
0.018336000	-3.600000000	4.140000000
0.018352000	-3.560000000	4.160000000
0.018368000	-3.560000000	4.200000000
0.018384000	-3.560000000	4.220000000
0.018400000	-3.520000000	4.240000000
0.018416000	-3.520000000	4.240000000
0.018432000	-3.520000000	4.240000000
0.018448000	-3.480000000	4.200000000
0.018464000	-3.480000000	4.140000000
0.018480000	-3.520000000	4.040000000
0.018496000	-3.480000000	3.980000000
0.018512000	-3.480000000	3.920000000
0.018528000	-3.480000000	3.880000000
0.018544000	-3.520000000	3.880000000
0.018560000	-3.480000000	3.840000000
0.018576000	-3.480000000	3.860000000
0.018592000	-3.480000000	3.860000000
0.018608000	-3.480000000	3.880000000
0.018624000	-3.480000000	3.920000000
0.018640000	-3.480000000	3.940000000
0.018656000	-3.480000000	3.960000000
0.018672000	-3.480000000	4.000000000
0.018688000	-3.480000000	4.020000000
0.018704000	-3.440000000	4.040000000
0.018720000	-3.480000000	4.080000000
0.018736000	-3.440000000	4.120000000
0.018752000	-3.440000000	4.160000000
0.018768000	-3.440000000	4.180000000
0.018784000	-3.440000000	4.200000000
0.018800000	-3.440000000	4.220000000
0.018816000	-3.440000000	4.220000000
0.018832000	-3.440000000	4.220000000
0.018848000	-3.440000000	4.200000000
0.018864000	-3.440000000	4.160000000
0.018880000	-3.440000000	4.100000000
0.018896000	-3.440000000	4.040000000
0.018912000	-3.440000000	3.960000000
0.018928000	-3.480000000	3.900000000
0.018944000	-3.440000000	3.860000000
0.018960000	-3.440000000	3.840000000
0.018976000	-3.440000000	3.820000000
0.018992000	-3.440000000	3.820000000
0.019008000	-3.440000000	3.820000000
0.019024000	-3.400000000	3.860000000
0.019040000	-3.440000000	3.880000000
0.019056000	-3.440000000	3.920000000
0.019072000	-3.400000000	3.960000000
0.019088000	-3.440000000	3.980000000
0.019104000	-3.400000000	4.000000000
0.019120000	-3.440000000	4.060000000
0.019136000	-3.440000000	4.100000000
0.019152000	-3.440000000	4.120000000
0.019168000	-3.440000000	4.140000000
0.019184000	-3.400000000	4.180000000
0.019200000	-3.400000000	4.200000000
0.019216000	-3.400000000	4.200000000
0.019232000	-3.400000000	4.200000000
0.019248000	-3.400000000	4.180000000
0.019264000	-3.440000000	4.180000000
0.019280000	-3.440000000	4.140000000
0.019296000	-3.440000000	4.100000000
0.019312000	-3.400000000	4.000000000
0.019328000	-3.400000000	3.940000000
0.019344000	-3.400000000	3.900000000
0.019360000	-3.400000000	3.860000000
0.019376000	-3.400000000	3.840000000
0.019392000	-3.400000000	3.840000000
0.019408000	-3.440000000	3.840000000
0.019424000	-3.400000000	3.860000000
0.019440000	-3.440000000	3.900000000
0.019456000	-3.400000000	3.920000000
0.019472000	-3.400000000	3.960000000
0.019488000	-3.400000000	3.980000000
0.019504000	-3.400000000	4.020000000
0.019520000	-3.400000000	4.040000000
0.019536000	-3.400000000	4.080000000
0.019552000	-3.400000000	4.100000000
0.019568000	-3.400000000	4.140000000
0.019584000	-3.400000000	4.160000000
0.019600000	-3.400000000	4.180000000
0.019616000	-3.360000000	4.200000000
0.019632000	-3.400000000	4.220000000
0.019648000	-3.400000000	4.240000000
0.019664000	-3.400000000	4.240000000
0.019680000	-3.400000000	4.240000000
0.019696000	-3.400000000	4.200000000
0.019712000	-3.400000000	4.120000000
0.019728000	-3.400000000	4.040000000
0.019744000	-3.400000000	3.980000000
0.019760000	-3.400000000	3.920000000
0.019776000	-3.400000000	3.880000000
0.019792000	-3.360000000	3.860000000
0.019808000	-3.400000000	3.840000000
0.019824000	-3.360000000	3.840000000
0.019840000	-3.360000000	3.860000000
0.019856000	-3.400000000	3.860000000
0.019872000	-3.400000000	3.880000000
0.019888000	-3.360000000	3.900000000
0.019904000	-3.360000000	3.920000000
0.019920000	-3.400000000	3.940000000
0.019936000	-3.360000000	3.980000000
0.019952000	-3.360000000	4.020000000
0.019968000	-3.360000000	4.040000000
0.019984000	-3.360000000	4.080000000
0.020000000	-3.400000000	4.120000000
0.020016000	-3.360000000	4.140000000
0.020032000	-3.360000000	4.180000000
0.020048000	-3.360000000	4.200000000
0.020064000	-3.360000000	4.220000000
0.020080000	-3.400000000	4.220000000
0.020096000	-3.360000000	4.220000000
0.020112000	-3.360000000	4.220000000
0.020128000	-3.360000000	4.200000000
0.020144000	-3.360000000	4.160000000
0.020160000	-3.360000000	4.100000000
0.020176000	-3.360000000	4.040000000
0.020192000	-3.360000000	3.980000000
0.020208000	-3.360000000	3.940000000
0.020224000	-3.360000000	3.880000000
0.020240000	-3.360000000	3.860000000
0.020256000	-3.360000000	3.860000000
0.020272000	-3.360000000	3.860000000
0.020288000	-3.360000000	3.880000000
0.020304000	-3.360000000	3.900000000
0.020320000	-3.360000000	3.940000000
0.020336000	-3.360000000	3.960000000
0.020352000	-3.320000000	4.000000000
0.020368000	-3.360000000	4.040000000
0.020384000	-3.360000000	4.080000000
0.020400000	-3.360000000	4.100000000
0.020416000	-3.320000000	4.120000000
0.020432000	-3.360000000	4.160000000
0.020448000	-3.320000000	4.180000000
0.020464000	-3.320000000	4.200000000
0.020480000	-3.360000000	4.220000000
0.020496000	-3.320000000	4.220000000
0.020512000	-3.320000000	4.240000000
0.020528000	-3.320000000	4.240000000
0.020544000	-3.320000000	4.240000000
0.020560000	-3.320000000	4.240000000
0.020576000	-3.360000000	4.220000000
0.020592000	-3.320000000	4.140000000
0.020608000	-3.320000000	4.060000000
0.020624000	-3.320000000	4.000000000
0.020640000	-3.320000000	3.960000000
0.020656000	-3.320000000	3.920000000
0.020672000	-3.320000000	3.920000000
0.020688000	-3.320000000	3.900000000
0.020704000	-3.320000000	3.920000000
0.020720000	-3.320000000	3.920000000
0.020736000	-3.320000000	3.960000000
0.020752000	-3.320000000	3.980000000
0.020768000	-3.320000000	4.000000000
0.020784000	-3.320000000	4.000000000
0.020800000	-3.320000000	4.060000000
0.020816000	-3.280000000	4.080000000
0.020832000	-3.320000000	4.100000000
0.020848000	-3.320000000	4.120000000
0.020864000	-3.320000000	4.160000000
0.020880000	-3.320000000	4.180000000
0.020896000	-3.320000000	4.200000000
0.020912000	-3.320000000	4.220000000
0.020928000	-3.280000000	4.240000000
0.020944000	-3.280000000	4.260000000
0.020960000	-3.320000000	4.260000000
0.020976000	-3.320000000	4.240000000
0.020992000	-3.320000000	4.180000000
0.021008000	-3.280000000	4.120000000
0.021024000	-3.280000000	4.040000000
0.021040000	-3.320000000	3.980000000
0.021056000	-3.280000000	3.920000000
0.021072000	-3.320000000	3.880000000
0.021088000	-3.320000000	3.860000000
0.021104000	-3.280000000	3.860000000
0.021120000	-3.280000000	3.840000000
0.021136000	-3.280000000	3.840000000
0.021152000	-3.280000000	3.860000000
0.021168000	-3.280000000	3.880000000
0.021184000	-3.280000000	3.900000000
0.021200000	-3.280000000	3.920000000
0.021216000	-3.280000000	3.960000000
0.021232000	-3.280000000	3.980000000
0.021248000	-3.280000000	4.020000000
0.021264000	-3.280000000	4.060000000
0.021280000	-3.280000000	4.100000000
0.021296000	-3.280000000	4.120000000
0.021312000	-3.280000000	4.160000000
0.021328000	-3.280000000	4.180000000
0.021344000	-3.280000000	4.200000000
0.021360000	-3.280000000	4.220000000
0.021376000	-3.280000000	4.220000000
0.021392000	-3.320000000	4.220000000
0.021408000	-3.280000000	4.200000000
0.021424000	-3.280000000	4.180000000
0.021440000	-3.280000000	4.140000000
0.021456000	-3.280000000	4.100000000
0.021472000	-3.280000000	4.040000000
0.021488000	-3.280000000	3.980000000
0.021504000	-3.280000000	3.940000000
0.021520000	-3.280000000	3.880000000
0.021536000	-3.240000000	3.860000000
0.021552000	-3.280000000	3.840000000
0.021568000	-3.240000000	3.840000000
0.021584000	-3.240000000	3.860000000
0.021600000	-3.240000000	3.880000000
0.021616000	-3.240000000	3.900000000
0.021632000	-3.280000000	3.940000000
0.021648000	-3.280000000	3.980000000
0.021664000	-3.280000000	4.020000000
0.021680000	-3.240000000	4.040000000
0.021696000	-3.240000000	4.080000000
0.021712000	-3.280000000	4.100000000
0.021728000	-3.280000000	4.140000000
0.021744000	-3.280000000	4.160000000
0.021760000	-3.280000000	4.200000000
0.021776000	-3.280000000	4.200000000
0.021792000	-3.280000000	4.220000000
0.021808000	-3.280000000	4.240000000
0.021824000	-3.240000000	4.260000000
0.021840000	-3.280000000	4.280000000
0.021856000	-3.280000000	4.280000000
0.021872000	-3.240000000	4.260000000
0.021888000	-3.240000000	4.220000000
0.021904000	-3.280000000	4.140000000
0.021920000	-3.280000000	4.060000000
0.021936000	-3.280000000	4.000000000
0.021952000	-3.280000000	3.980000000
0.021968000	-3.280000000	3.940000000
0.021984000	-3.280000000	3.940000000
0.022000000	-3.280000000	3.940000000
0.022016000	-3.280000000	3.940000000
0.022032000	-3.280000000	3.940000000
0.022048000	-3.280000000	3.940000000
0.022064000	-3.280000000	3.980000000
0.022080000	-3.280000000	4.000000000
0.022096000	-3.280000000	4.020000000
0.022112000	-3.280000000	4.040000000
0.022128000	-3.320000000	4.060000000
0.022144000	-3.280000000	4.080000000
0.022160000	-3.280000000	4.120000000
0.022176000	-3.280000000	4.140000000
0.022192000	-3.280000000	4.160000000
0.022208000	-3.280000000	4.180000000
0.022224000	-3.320000000	4.220000000
0.022240000	-3.280000000	4.240000000
0.022256000	-3.280000000	4.260000000
0.022272000	-3.320000000	4.260000000
0.022288000	-3.280000000	4.280000000
0.022304000	-3.320000000	4.260000000
0.022320000	-3.320000000	4.220000000
0.022336000	-3.320000000	4.180000000
0.022352000	-3.320000000	4.140000000
0.022368000	-3.360000000	4.080000000
0.022384000	-3.320000000	4.040000000
0.022400000	-3.360000000	3.980000000
0.022416000	-3.360000000	3.940000000
0.022432000	-3.320000000	3.920000000
0.022448000	-3.360000000	3.900000000
0.022464000	-3.360000000	3.880000000
0.022480000	-3.360000000	3.880000000
0.022496000	-3.360000000	3.880000000
0.022512000	-3.360000000	3.900000000
0.022528000	-3.360000000	3.920000000
0.022544000	-3.360000000	3.940000000
0.022560000	-3.360000000	3.960000000
0.022576000	-3.360000000	4.020000000
0.022592000	-3.360000000	4.040000000
0.022608000	-3.400000000	4.080000000
0.022624000	-3.360000000	4.120000000
0.022640000	-3.440000000	4.140000000
0.022656000	-3.400000000	4.180000000
0.022672000	-3.400000000	4.200000000
0.022688000	-3.400000000	4.220000000
0.022704000	-3.440000000	4.220000000
0.022720000	-3.440000000	4.220000000
0.022736000	-3.440000000	4.220000000
0.022752000	-3.440000000	4.200000000
0.022768000	-3.440000000	4.180000000
0.022784000	-3.480000000	4.140000000
0.022800000	-3.440000000	4.100000000
0.022816000	-3.440000000	4.040000000
0.022832000	-3.440000000	4.000000000
0.022848000	-3.440000000	3.940000000
0.022864000	-3.440000000	3.900000000
0.022880000	-3.440000000	3.860000000
0.022896000	-3.440000000	3.860000000
0.022912000	-3.440000000	3.860000000
0.022928000	-3.480000000	3.880000000
0.022944000	-3.440000000	3.900000000
0.022960000	-3.440000000	3.920000000
0.022976000	-3.480000000	3.960000000
0.022992000	-3.520000000	3.980000000
0.023008000	-3.480000000	4.020000000
0.023024000	-3.480000000	4.040000000
0.023040000	-3.520000000	4.060000000
0.023056000	-3.480000000	4.100000000
0.023072000	-3.520000000	4.120000000
0.023088000	-3.520000000	4.140000000
0.023104000	-3.520000000	4.180000000
0.023120000	-3.560000000	4.180000000
0.023136000	-3.560000000	4.220000000
0.023152000	-3.560000000	4.240000000
0.023168000	-3.520000000	4.260000000
0.023184000	-3.520000000	4.280000000
0.023200000	-3.520000000	4.280000000
0.023216000	-3.520000000	4.300000000
0.023232000	-3.520000000	4.300000000
0.023248000	-3.480000000	4.280000000
0.023264000	-3.480000000	4.220000000
0.023280000	-3.520000000	4.140000000
0.023296000	-3.480000000	4.080000000
0.023312000	-3.480000000	4.020000000
0.023328000	-3.480000000	3.980000000
0.023344000	-3.480000000	3.960000000
0.023360000	-3.480000000	3.940000000
0.023376000	-3.480000000	3.940000000
0.023392000	-3.480000000	3.940000000
0.023408000	-3.520000000	3.940000000
0.023424000	-3.480000000	3.940000000
0.023440000	-3.520000000	3.960000000
0.023456000	-3.520000000	3.980000000
0.023472000	-3.520000000	4.000000000
0.023488000	-3.520000000	4.020000000
0.023504000	-3.520000000	4.040000000
0.023520000	-3.520000000	4.060000000
0.023536000	-3.480000000	4.100000000
0.023552000	-3.480000000	4.120000000
0.023568000	-3.480000000	4.140000000
0.023584000	-3.480000000	4.180000000
0.023600000	-3.480000000	4.200000000
0.023616000	-3.480000000	4.220000000
0.023632000	-3.440000000	4.240000000
0.023648000	-3.440000000	4.260000000
0.023664000	-3.400000000	4.280000000
0.023680000	-3.440000000	4.280000000
0.023696000	-3.440000000	4.260000000
0.023712000	-3.440000000	4.240000000
0.023728000	-3.440000000	4.200000000
0.023744000	-3.440000000	4.180000000
0.023760000	-3.480000000	4.140000000
0.023776000	-3.440000000	4.100000000
0.023792000	-3.440000000	4.060000000
0.023808000	-3.440000000	4.020000000
0.023824000	-3.440000000	3.980000000
0.023840000	-3.400000000	3.960000000
0.023856000	-3.400000000	3.940000000
0.023872000	-3.400000000	3.920000000
0.023888000	-3.400000000	3.920000000
0.023904000	-3.360000000	3.940000000
0.023920000	-3.360000000	3.940000000
0.023936000	-3.360000000	3.980000000
0.023952000	-3.320000000	4.000000000
0.023968000	-3.320000000	4.020000000
0.023984000	-3.360000000	4.060000000
0.024000000	-3.320000000	4.100000000
0.024016000	-3.320000000	4.120000000
0.024032000	-3.280000000	4.160000000
0.024048000	-3.320000000	4.180000000
0.024064000	-3.280000000	4.200000000
0.024080000	-3.280000000	4.220000000
0.024096000	-3.320000000	4.220000000
0.024112000	-3.280000000	4.240000000
0.024128000	-3.280000000	4.260000000
0.024144000	-3.280000000	4.260000000
0.024160000	-3.280000000	4.260000000
0.024176000	-3.280000000	4.260000000
0.024192000	-3.280000000	4.260000000
0.024208000	-3.280000000	4.240000000
0.024224000	-3.280000000	4.220000000
0.024240000	-3.280000000	4.220000000
0.024256000	-3.240000000	4.140000000
0.024272000	-3.240000000	4.080000000
0.024288000	-3.240000000	4.040000000
0.024304000	-3.200000000	4.000000000
0.024320000	-3.200000000	3.980000000
0.024336000	-3.200000000	3.980000000
0.024352000	-3.200000000	3.980000000
0.024368000	-3.200000000	4.000000000
0.024384000	-3.200000000	4.020000000
0.024400000	-3.200000000	4.020000000
0.024416000	-3.200000000	4.040000000
0.024432000	-3.160000000	4.060000000
0.024448000	-3.160000000	4.080000000
0.024464000	-3.160000000	4.120000000
0.024480000	-3.160000000	4.140000000
0.024496000	-3.160000000	4.160000000
0.024512000	-3.160000000	4.180000000
0.024528000	-3.160000000	4.200000000
0.024544000	-3.160000000	4.220000000
0.024560000	-3.160000000	4.220000000
0.024576000	-3.120000000	4.260000000
0.024592000	-3.120000000	4.280000000
0.024608000	-3.160000000	4.300000000
0.024624000	-3.120000000	4.300000000
0.024640000	-3.120000000	4.320000000
0.024656000	-3.120000000	4.320000000
0.024672000	-3.120000000	4.320000000
0.024688000	-3.120000000	4.280000000
0.024704000	-3.080000000	4.220000000
0.024720000	-3.080000000	4.160000000
0.024736000	-3.120000000	4.100000000
0.024752000	-3.080000000	4.040000000
0.024768000	-3.080000000	4.000000000
0.024784000	-3.080000000	3.960000000
0.024800000	-3.080000000	3.940000000
0.024816000	-3.080000000	3.940000000
0.024832000	-3.080000000	3.920000000
0.024848000	-3.080000000	3.920000000
0.024864000	-3.080000000	3.920000000
0.024880000	-3.080000000	3.920000000
0.024896000	-3.080000000	3.940000000
0.024912000	-3.080000000	3.960000000
0.024928000	-3.080000000	3.980000000
0.024944000	-3.040000000	3.980000000
0.024960000	-3.040000000	4.000000000
0.024976000	-3.040000000	4.040000000
0.024992000	-3.040000000	4.060000000
0.025008000	-3.040000000	4.100000000
0.025024000	-3.040000000	4.120000000
0.025040000	-3.040000000	4.160000000
0.025056000	-3.040000000	4.180000000
0.025072000	-3.040000000	4.200000000
0.025088000	-3.040000000	4.240000000
0.025104000	-3.040000000	4.240000000
0.025120000	-3.040000000	4.260000000
0.025136000	-3.040000000	4.280000000
0.025152000	-3.000000000	4.280000000
0.025168000	-3.000000000	4.260000000
0.025184000	-3.040000000	4.240000000
0.025200000	-3.040000000	4.220000000
0.025216000	-3.040000000	4.200000000
0.025232000	-3.000000000	4.160000000
0.025248000	-3.000000000	4.120000000
0.025264000	-3.000000000	4.080000000
0.025280000	-3.000000000	4.040000000
0.025296000	-3.000000000	4.000000000
0.025312000	-3.000000000	3.960000000
0.025328000	-3.000000000	3.940000000
0.025344000	-3.000000000	3.920000000
0.025360000	-3.000000000	3.920000000
0.025376000	-3.000000000	3.940000000
0.025392000	-3.000000000	3.940000000
0.025408000	-3.000000000	3.960000000
0.025424000	-3.000000000	4.000000000
0.025440000	-2.960000000	4.020000000
0.025456000	-3.000000000	4.060000000
0.025472000	-2.960000000	4.080000000
0.025488000	-3.000000000	4.120000000
0.025504000	-3.000000000	4.140000000
0.025520000	-2.960000000	4.180000000
0.025536000	-3.000000000	4.200000000
0.025552000	-3.000000000	4.220000000
0.025568000	-3.000000000	4.220000000
0.025584000	-3.000000000	4.240000000
0.025600000	-3.000000000	4.260000000
0.025616000	-2.960000000	4.280000000
0.025632000	-2.960000000	4.280000000
0.025648000	-2.960000000	4.280000000
0.025664000	-2.960000000	4.300000000
0.025680000	-2.960000000	4.320000000
0.025696000	-2.960000000	4.320000000
0.025712000	-2.960000000	4.320000000
0.025728000	-2.960000000	4.320000000
0.025744000	-2.960000000	4.300000000
0.025760000	-2.960000000	4.260000000
0.025776000	-2.960000000	4.200000000
0.025792000	-2.960000000	4.140000000
0.025808000	-2.960000000	4.100000000
0.025824000	-2.960000000	4.060000000
0.025840000	-2.960000000	4.040000000
0.025856000	-2.960000000	4.040000000
0.025872000	-2.960000000	4.040000000
0.025888000	-2.960000000	4.040000000
0.025904000	-2.960000000	4.040000000
0.025920000	-2.960000000	4.060000000
0.025936000	-2.960000000	4.080000000
0.025952000	-2.960000000	4.080000000
0.025968000	-2.960000000	4.100000000
0.025984000	-2.960000000	4.120000000
0.026000000	-2.920000000	4.120000000
0.026016000	-2.920000000	4.160000000
0.026032000	-2.920000000	4.160000000
0.026048000	-2.960000000	4.200000000
0.026064000	-2.920000000	4.200000000
0.026080000	-2.960000000	4.220000000
0.026096000	-2.920000000	4.240000000
0.026112000	-2.920000000	4.260000000
0.026128000	-2.920000000	4.280000000
0.026144000	-2.920000000	4.300000000
0.026160000	-2.920000000	4.320000000
0.026176000	-2.920000000	4.320000000
0.026192000	-2.960000000	4.320000000
0.026208000	-2.920000000	4.320000000
0.026224000	-2.920000000	4.300000000
0.026240000	-2.960000000	4.260000000
0.026256000	-2.960000000	4.200000000
0.026272000	-2.920000000	4.160000000
0.026288000	-2.920000000	4.100000000
0.026304000	-2.920000000	4.060000000
0.026320000	-2.920000000	4.020000000
0.026336000	-2.920000000	4.000000000
0.026352000	-2.920000000	3.960000000
0.026368000	-2.920000000	3.940000000
0.026384000	-2.920000000	3.940000000
0.026400000	-2.920000000	3.940000000
0.026416000	-2.920000000	3.940000000
0.026432000	-2.920000000	3.940000000
0.026448000	-2.880000000	3.940000000
0.026464000	-2.880000000	3.940000000
0.026480000	-2.880000000	3.980000000
0.026496000	-2.920000000	4.000000000
0.026512000	-2.880000000	4.000000000
0.026528000	-2.880000000	4.040000000
0.026544000	-2.880000000	4.060000000
0.026560000	-2.880000000	4.080000000
0.026576000	-2.880000000	4.120000000
0.026592000	-2.880000000	4.160000000
0.026608000	-2.920000000	4.180000000
0.026624000	-2.880000000	4.200000000
0.026640000	-2.920000000	4.220000000
0.026656000	-2.880000000	4.240000000
0.026672000	-2.880000000	4.260000000
0.026688000	-2.880000000	4.280000000
0.026704000	-2.920000000	4.280000000
0.026720000	-2.880000000	4.260000000
0.026736000	-2.880000000	4.260000000
0.026752000	-2.880000000	4.240000000
0.026768000	-2.880000000	4.220000000
0.026784000	-2.880000000	4.200000000
0.026800000	-2.880000000	4.180000000
0.026816000	-2.880000000	4.140000000
0.026832000	-2.880000000	4.140000000
0.026848000	-2.880000000	4.100000000
0.026864000	-2.840000000	4.060000000
0.026880000	-2.840000000	4.020000000
0.026896000	-2.840000000	3.980000000
0.026912000	-2.840000000	3.940000000
0.026928000	-2.840000000	3.920000000
0.026944000	-2.880000000	3.920000000
0.026960000	-2.880000000	3.920000000
0.026976000	-2.880000000	3.920000000
0.026992000	-2.840000000	3.940000000
0.027008000	-2.880000000	3.960000000
0.027024000	-2.840000000	3.980000000
0.027040000	-2.880000000	4.000000000
0.027056000	-2.840000000	4.040000000
0.027072000	-2.880000000	4.080000000
0.027088000	-2.840000000	4.100000000
0.027104000	-2.840000000	4.120000000
0.027120000	-2.840000000	4.160000000
0.027136000	-2.840000000	4.180000000
0.027152000	-2.840000000	4.200000000
0.027168000	-2.880000000	4.220000000
0.027184000	-2.880000000	4.240000000
0.027200000	-2.840000000	4.260000000
0.027216000	-2.840000000	4.280000000
0.027232000	-2.840000000	4.300000000
0.027248000	-2.840000000	4.300000000
0.027264000	-2.840000000	4.320000000
0.027280000	-2.840000000	4.340000000
0.027296000	-2.840000000	4.340000000
0.027312000	-2.840000000	4.360000000
0.027328000	-2.840000000	4.360000000
0.027344000	-2.840000000	4.360000000
0.027360000	-2.840000000	4.360000000
0.027376000	-2.840000000	4.320000000
0.027392000	-2.800000000	4.240000000
0.027408000	-2.840000000	4.200000000
0.027424000	-2.840000000	4.140000000
0.027440000	-2.840000000	4.100000000
0.027456000	-2.840000000	4.080000000
0.027472000	-2.840000000	4.060000000
0.027488000	-2.840000000	4.060000000
0.027504000	-2.840000000	4.040000000
0.027520000	-2.840000000	4.040000000
0.027536000	-2.840000000	4.040000000
0.027552000	-2.840000000	4.040000000
0.027568000	-2.840000000	4.060000000
0.027584000	-2.800000000	4.060000000
0.027600000	-2.800000000	4.060000000
0.027616000	-2.800000000	4.080000000
0.027632000	-2.840000000	4.100000000
0.027648000	-2.800000000	4.120000000
0.027664000	-2.800000000	4.120000000
0.027680000	-2.800000000	4.120000000
0.027696000	-2.800000000	4.140000000
0.027712000	-2.800000000	4.180000000
0.027728000	-2.800000000	4.200000000
0.027744000	-2.800000000	4.220000000
0.027760000	-2.800000000	4.240000000
0.027776000	-2.760000000	4.260000000
0.027792000	-2.760000000	4.280000000
0.027808000	-2.800000000	4.280000000
0.027824000	-2.760000000	4.300000000
0.027840000	-2.800000000	4.320000000
0.027856000	-2.760000000	4.340000000
0.027872000	-2.760000000	4.340000000
0.027888000	-2.800000000	4.340000000
0.027904000	-2.800000000	4.340000000
0.027920000	-2.800000000	4.320000000
0.027936000	-2.800000000	4.300000000
0.027952000	-2.760000000	4.280000000
0.027968000	-2.800000000	4.260000000
0.027984000	-2.800000000	4.240000000
0.028000000	-2.800000000	4.200000000
0.028016000	-2.800000000	4.180000000
0.028032000	-2.800000000	4.160000000
0.028048000	-2.760000000	4.120000000
0.028064000	-2.800000000	4.100000000
0.028080000	-2.760000000	4.080000000
0.028096000	-2.760000000	4.060000000
0.028112000	-2.760000000	4.040000000
0.028128000	-2.760000000	4.000000000
0.028144000	-2.760000000	4.000000000
0.028160000	-2.760000000	4.000000000
0.028176000	-2.760000000	4.020000000
0.028192000	-2.760000000	4.020000000
0.028208000	-2.760000000	4.020000000
0.028224000	-2.760000000	4.040000000
0.028240000	-2.760000000	4.060000000
0.028256000	-2.760000000	4.080000000
0.028272000	-2.760000000	4.120000000
0.028288000	-2.760000000	4.140000000
0.028304000	-2.760000000	4.180000000
0.028320000	-2.760000000	4.200000000
0.028336000	-2.760000000	4.220000000
0.028352000	-2.760000000	4.260000000
0.028368000	-2.760000000	4.280000000
0.028384000	-2.760000000	4.280000000
0.028400000	-2.760000000	4.280000000
0.028416000	-2.760000000	4.300000000
0.028432000	-2.760000000	4.300000000
0.028448000	-2.720000000	4.300000000
0.028464000	-2.760000000	4.320000000
0.028480000	-2.760000000	4.300000000
0.028496000	-2.720000000	4.300000000
0.028512000	-2.760000000	4.280000000
0.028528000	-2.760000000	4.280000000
0.028544000	-2.720000000	4.260000000
0.028560000	-2.720000000	4.260000000
0.028576000	-2.720000000	4.220000000
0.028592000	-2.720000000	4.220000000
0.028608000	-2.720000000	4.180000000
0.028624000	-2.720000000	4.160000000
0.028640000	-2.720000000	4.120000000
0.028656000	-2.720000000	4.080000000
0.028672000	-2.720000000	4.040000000
0.028688000	-2.720000000	4.040000000
0.028704000	-2.680000000	4.020000000
0.028720000	-2.720000000	4.020000000
0.028736000	-2.720000000	4.040000000
0.028752000	-2.720000000	4.040000000
0.028768000	-2.720000000	4.060000000
0.028784000	-2.720000000	4.080000000
0.028800000	-2.720000000	4.120000000
0.028816000	-2.720000000	4.120000000
0.028832000	-2.720000000	4.140000000
0.028848000	-2.720000000	4.160000000
0.028864000	-2.720000000	4.180000000
0.028880000	-2.720000000	4.200000000
0.028896000	-2.720000000	4.220000000
0.028912000	-2.720000000	4.220000000
0.028928000	-2.720000000	4.240000000
0.028944000	-2.680000000	4.240000000
0.028960000	-2.680000000	4.260000000
0.028976000	-2.680000000	4.280000000
0.028992000	-2.680000000	4.300000000
0.029008000	-2.680000000	4.300000000
0.029024000	-2.680000000	4.320000000
0.029040000	-2.680000000	4.340000000
0.029056000	-2.680000000	4.340000000
0.029072000	-2.680000000	4.360000000
0.029088000	-2.680000000	4.360000000
0.029104000	-2.680000000	4.380000000
0.029120000	-2.680000000	4.400000000
0.029136000	-2.680000000	4.400000000
0.029152000	-2.680000000	4.380000000
0.029168000	-2.640000000	4.400000000
0.029184000	-2.680000000	4.400000000
0.029200000	-2.680000000	4.360000000
0.029216000	-2.680000000	4.300000000
0.029232000	-2.680000000	4.240000000
0.029248000	-2.680000000	4.200000000
0.029264000	-2.680000000	4.160000000
0.029280000	-2.680000000	4.120000000
0.029296000	-2.680000000	4.100000000
0.029312000	-2.680000000	4.060000000
0.029328000	-2.680000000	4.080000000
0.029344000	-2.680000000	4.060000000
0.029360000	-2.680000000	4.060000000
0.029376000	-2.680000000	4.060000000
0.029392000	-2.680000000	4.040000000
0.029408000	-2.680000000	4.060000000
0.029424000	-2.680000000	4.060000000
0.029440000	-2.640000000	4.060000000
0.029456000	-2.640000000	4.080000000
0.029472000	-2.640000000	4.080000000
0.029488000	-2.640000000	4.100000000
0.029504000	-2.640000000	4.120000000
0.029520000	-2.640000000	4.120000000
0.029536000	-2.640000000	4.140000000
0.029552000	-2.640000000	4.160000000
0.029568000	-2.640000000	4.180000000
0.029584000	-2.640000000	4.180000000
0.029600000	-2.640000000	4.220000000
0.029616000	-2.640000000	4.220000000
0.029632000	-2.640000000	4.240000000
0.029648000	-2.640000000	4.280000000
0.029664000	-2.640000000	4.280000000
0.029680000	-2.640000000	4.300000000
0.029696000	-2.640000000	4.320000000
0.029712000	-2.600000000	4.340000000
0.029728000	-2.640000000	4.340000000
0.029744000	-2.640000000	4.360000000
0.029760000	-2.640000000	4.360000000
0.029776000	-2.640000000	4.360000000
0.029792000	-2.640000000	4.360000000
0.029808000	-2.640000000	4.360000000
0.029824000	-2.640000000	4.340000000
0.029840000	-2.640000000	4.320000000
0.029856000	-2.640000000	4.320000000
0.029872000	-2.640000000	4.320000000
0.029888000	-2.640000000	4.280000000
0.029904000	-2.640000000	4.280000000
0.029920000	-2.600000000	4.240000000
0.029936000	-2.600000000	4.240000000
0.029952000	-2.600000000	4.220000000
0.029968000	-2.600000000	4.200000000
0.029984000	-2.600000000	4.180000000
0.030000000	-2.600000000	4.140000000
0.030016000	-2.600000000	4.140000000
0.030032000	-2.600000000	4.120000000
0.030048000	-2.600000000	4.100000000
0.030064000	-2.600000000	4.060000000
0.030080000	-2.600000000	4.060000000
0.030096000	-2.560000000	4.020000000
0.030112000	-2.600000000	4.040000000
0.030128000	-2.560000000	4.040000000
0.030144000	-2.600000000	4.020000000
0.030160000	-2.600000000	4.040000000
0.030176000	-2.560000000	4.040000000
0.030192000	-2.560000000	4.060000000
0.030208000	-2.600000000	4.100000000
0.030224000	-2.600000000	4.120000000
0.030240000	-2.600000000	4.140000000
0.030256000	-2.600000000	4.180000000
0.030272000	-2.600000000	4.200000000
0.030288000	-2.600000000	4.220000000
0.030304000	-2.600000000	4.240000000
0.030320000	-2.600000000	4.260000000
0.030336000	-2.600000000	4.280000000
0.030352000	-2.600000000	4.300000000
0.030368000	-2.600000000	4.320000000
0.030384000	-2.560000000	4.320000000
0.030400000	-2.600000000	4.340000000
0.030416000	-2.600000000	4.340000000
0.030432000	-2.560000000	4.360000000
0.030448000	-2.560000000	4.360000000
0.030464000	-2.560000000	4.380000000
0.030480000	-2.560000000	4.380000000
0.030496000	-2.560000000	4.400000000
0.030512000	-2.560000000	4.380000000
0.030528000	-2.560000000	4.380000000
0.030544000	-2.560000000	4.400000000
0.030560000	-2.560000000	4.400000000
0.030576000	-2.560000000	4.400000000
0.030592000	-2.560000000	4.400000000
0.030608000	-2.560000000	4.400000000
0.030624000	-2.560000000	4.400000000
0.030640000	-2.560000000	4.400000000
0.030656000	-2.520000000	4.400000000
0.030672000	-2.520000000	4.400000000
0.030688000	-2.520000000	4.400000000
0.030704000	-2.520000000	4.400000000
0.030720000	-2.520000000	4.340000000
0.030736000	-2.520000000	4.300000000
0.030752000	-2.560000000	4.260000000
0.030768000	-2.520000000	4.240000000
0.030784000	-2.520000000	4.220000000
0.030800000	-2.520000000	4.220000000
0.030816000	-2.520000000	4.220000000
0.030832000	-2.560000000	4.220000000
0.030848000	-2.520000000	4.220000000
0.030864000	-2.520000000	4.220000000
0.030880000	-2.520000000	4.220000000
0.030896000	-2.560000000	4.240000000
0.030912000	-2.560000000	4.240000000
0.030928000	-2.520000000	4.240000000
0.030944000	-2.560000000	4.260000000
0.030960000	-2.520000000	4.280000000
0.030976000	-2.520000000	4.280000000
0.030992000	-2.520000000	4.280000000
0.031008000	-2.520000000	4.280000000
0.031024000	-2.520000000	4.300000000
0.031040000	-2.520000000	4.300000000
0.031056000	-2.520000000	4.320000000
0.031072000	-2.520000000	4.320000000
0.031088000	-2.520000000	4.320000000
0.031104000	-2.480000000	4.340000000
0.031120000	-2.520000000	4.340000000
0.031136000	-2.520000000	4.340000000
0.031152000	-2.480000000	4.360000000
0.031168000	-2.520000000	4.360000000
0.031184000	-2.480000000	4.380000000
0.031200000	-2.480000000	4.380000000
0.031216000	-2.480000000	4.380000000
0.031232000	-2.480000000	4.400000000
0.031248000	-2.480000000	4.400000000
0.031264000	-2.480000000	4.420000000
0.031280000	-2.480000000	4.420000000
0.031296000	-2.480000000	4.440000000
0.031312000	-2.480000000	4.440000000
0.031328000	-2.480000000	4.440000000
0.031344000	-2.480000000	4.460000000
0.031360000	-2.480000000	4.440000000
0.031376000	-2.480000000	4.420000000
0.031392000	-2.480000000	4.380000000
0.031408000	-2.480000000	4.340000000
0.031424000	-2.480000000	4.300000000
0.031440000	-2.480000000	4.280000000
0.031456000	-2.480000000	4.240000000
0.031472000	-2.480000000	4.200000000
0.031488000	-2.480000000	4.180000000
0.031504000	-2.480000000	4.160000000
0.031520000	-2.480000000	4.140000000
0.031536000	-2.440000000	4.120000000
0.031552000	-2.480000000	4.100000000
0.031568000	-2.480000000	4.080000000
0.031584000	-2.480000000	4.060000000
0.031600000	-2.480000000	4.060000000
0.031616000	-2.480000000	4.060000000
0.031632000	-2.480000000	4.060000000
0.031648000	-2.440000000	4.040000000
0.031664000	-2.440000000	4.040000000
0.031680000	-2.440000000	4.040000000
0.031696000	-2.440000000	4.040000000
0.031712000	-2.440000000	4.040000000
0.031728000	-2.440000000	4.040000000
0.031744000	-2.440000000	4.060000000
0.031760000	-2.440000000	4.060000000
0.031776000	-2.520000000	4.340000000
0.031792000	-2.520000000	4.340000000
0.031808000	-2.520000000	4.360000000
0.031824000	-2.520000000	4.360000000
0.031840000	-2.520000000	4.360000000
0.031856000	-2.480000000	4.380000000
0.031872000	-2.520000000	4.380000000
