3824567375	2620
3824567386	1060
3824567388	2660
3824567395	80
3824567395	60
3824567452	1000
3824567584	7960
3824567631	720
3824567660	6340
3824567680	820
3824567681	400
3824567716	600
3824567756	740
3824567776	600
3824567794	1300
3824567812	720
3824567837	560
3824567841	1240
3824567868	13140
3824567869	1240
3824567974	1320
3824568002	720
3824568046	500
3824568047	280
3824568047	480
3824568062	160
3824568272	1280
3824568290	140
3824568297	2880
3824568308	100
3824568351	240
3824568352	260
3824568353	240
3824568387	960
3824568456	140
3824568459	60
3824568473	1220
3824568647	340
3824568677	1380
3824568715	7200
3824568781	2580
3824568814	7340
3824568815	280
3824568874	5180
3824568932	880
3824568934	1420
3824568944	260
3824568963	3960
3824568986	720
3824569001	340
3824569066	3060
3824569072	120
3824569078	9680
3824569110	1480
3824569212	1740
3824569229	3040
3824569299	180
3824569365	280
3824569432	300
3824569457	5840
3824569468	220
3824569484	3060
3824569492	3000
3824569492	780
3824569567	2540
3824569600	1900
3824569634	4980
3824569635	2600
3824569800	2000
3824569815	2760
3824569816	9040
3824569867	2860
3824569969	1340
3824569990	380
3824570029	860
3824570123	300
3824570143	1980
3824570185	2340
3824570218	480
3824570292	1500
3824570504	1680
3824570634	2480
3824570707	720
3824570813	3320
3824570822	1080
3824570828	2060
3824570847	340
3824570859	760
3824570884	1100
3824570959	2640
3824570983	200
3824570992	3580
3824571067	1080
3824571132	5520
3824571155	760
3824571227	280
3824571230	200
3824571356	1960
3824571379	1220
3824571423	1360
3824571463	700
3824571483	2220
3824571524	1120
3824571597	420
3824571633	2880
3824571742	3940
3824571771	9280
3824571830	3660
3824571839	480
3824571869	860
3824571941	2340
3824571991	2580
3824572000	1100
3824572039	160
3824572143	1620
3824572159	700
3824572165	1160
3824572235	440
3824572285	1000
3824572295	6940
3824572298	2540
3824572355	4580
3824572390	1420
3824572420	280
3824572438	540
3824572472	2180
3824572476	1320
3824572516	5080
3824572524	140
3824572604	3680
3824572683	760
3824572763	220
3824572768	1240
3824572803	17500
3824572889	740
3824572906	260
3824572964	620
3824572999	2020
3824573034	1000
3824573123	1400
3824573321	7080
3824573376	380
3824573392	460
3824573417	6120
3824573504	2500
3824573579	13960
3824573646	2680
3824573678	5060
3824573683	4620
3824573755	3480
3824573763	4080
3824573768	3040
3824573822	760
3824573840	2420
3824573903	120
3824573912	8520
3824573932	2000
3824574058	280
3824574076	680
3824574220	940
3824574241	2080
3824574450	3920
3824574522	960
3824574580	300
3824574611	8260
3824574967	2480
3824574974	680
3824574985	10180
3824575081	5260
3824575127	940
3824575131	480
3824575134	2260
3824575159	2620
3824575257	2300
3824575268	600
3824575301	440
3824575331	2120
3824575336	1140
3824575564	160
3824575608	2420
3824575629	5120
3824575657	4340
3824575679	6860
3824575749	2300
3824575761	5680
3824575775	480
3824575840	1520
3824575842	9980
3824575963	3860
3824575977	4000
3824576009	1180
3824576024	120
3824576050	7200
3824576079	380
3824576095	3340
3824576100	2440
3824576310	14240
3824576339	760
3824576426	6180
3824576497	360
3824576550	5840
3824576676	2620
3824576847	2280
3824576854	940
3824576861	1440
3824576908	1940
3824576965	920
3824577067	2020
3824577184	940
3824577222	1500
3824577253	440
3824577319	180
3824577342	5420
3824577495	4420
3824577516	3180
3824577636	900
3824577671	320
3824577673	300
3824577681	12600
3824577871	2080
3824577913	1660
3824577932	1980
3824577942	2560
3824577980	1060
3824578000	5540
3824578245	420
3824578246	960
3824578266	1580
3824578317	800
3824578338	2480
3824578350	1780
3824578426	1080
3824578431	3120
3824578515	5960
3824578605	360
3824578621	4080
3824578623	640
3824578678	2180
3824578707	3740
3824578721	1380
3824578738	1000
3824578762	60
3824578806	1580
3824578850	380
3824578939	3380
3824578961	7500
3824578980	2640
3824578999	820
3824579011	2620
3824579128	2420
3824579131	140
3824579396	920
3824579509	1400
3824579527	4260
3824579606	400
3824579611	3800
3824579612	2160
3824579649	4020
3824579656	4700
3824579851	8380
3824579876	180
3824579901	2760
3824579907	5680
3824579957	17980
3824579960	500
3824580037	180
3824580048	9680
3824580127	220
3824580156	14240
3824580171	3160
3824580175	160
3824580291	11440
3824580347	160
3824580375	900
3824580380	780
3824580397	1640
3824580419	280
3824580507	1100
3824580530	840
3824580594	960
3824580636	2160
3824580759	300
3824580896	1780
3824580910	7120
3824581031	1120
3824581040	560
3824581072	2200
3824581102	1880
3824581114	1060
3824581115	3160
3824581132	4200
3824581142	3400
3824581205	240
3824581210	200
3824581274	5740
3824581362	8800
3824581376	7940
3824581469	4220
3824581491	1080
3824581493	2900
3824581498	1260
3824581534	2160
3824581563	320
3824581721	5580
3824581747	480
3824581766	4160
3824581795	1640
3824581832	960
3824581873	1700
3824581885	200
3824581909	2800
3824581921	5240
3824581963	400
3824582042	1540
3824582168	100
3824582298	820
3824582437	12080
3824582445	5940
3824582474	1800
3824582535	1060
3824582583	4700
3824582600	7680
3824582608	340
3824582648	2260
3824582652	4880
3824582710	740
3824582720	1440
3824582746	4980
3824582823	1200
3824582850	2500
3824582894	440
3824582982	140
3824582999	4920
3824583049	4080
3824583059	1680
3824583141	3340
3824583172	4860
3824583322	3040
3824583417	16420
3824583473	10780
3824583476	3560
3824583642	2000
3824583644	880
3824583693	720
3824583710	1740
3824583738	4780
3824583751	1020
3824583751	3420
3824583795	140
3824583804	1640
3824583838	580
3824583896	560
3824583995	14360
3824583998	2980
3824584000	1440
3824584026	220
3824584043	6500
3824584136	1140
3824584143	11960
3824584159	2480
3824584183	3360
3824584203	7780
3824584203	5620
3824584227	4140
3824584234	3060
3824584243	3000
3824584291	180
3824584295	1820
3824584318	6840
3824584345	2140
3824584471	340
3824584495	3060
3824584585	4380
3824584674	940
3824584675	4460
3824584776	700
3824584845	340
3824584847	200
3824584885	840
3824584907	1400
3824585023	460
3824585029	3580
3824585046	180
3824585147	1460
3824585222	1660
3824585282	2940
3824585297	2200
3824585426	3660
3824585476	1360
3824585482	120
3824585539	260
3824585555	3520
3824585591	1140
3824585623	4980
3824585684	5840
3824585693	480
3824585794	820
3824585809	2380
3824585822	3240
3824585827	1460
3824585935	2580
3824585979	3020
3824586032	4160
3824586034	780
3824586104	1380
3824586145	940
3824586200	2220
3824586207	2640
3824586212	3340
3824586234	2580
3824586270	1220
3824586360	3580
3824586360	1880
3824586469	3280
3824586578	3380
3824586705	3920
3824586746	2780
3824586820	540
3824586922	2800
3824586947	4080
3824586969	840
3824587006	1860
3824587195	240
3824587379	1100
3824587539	1800
3824587591	2000
3824587599	7380
3824587619	1620
3824587628	1780
3824587653	3840
3824587837	1560
3824587913	1440
3824587932	3280
3824588031	160
3824588067	1600
3824588106	1040
3824588168	220
3824588189	120
3824588201	660
3824588319	7260
3824588462	540
3824588523	100
3824588582	2860
3824588591	2260
3824588649	6020
3824588686	440
3824588766	440
3824588773	340
3824588787	1700
3824588788	960
3824588797	1960
3824588867	920
3824589082	2300
3824589098	7380
3824589232	3580
3824589319	920
3824589331	1120
3824589333	4940
3824589347	180
3824589394	1000
3824589475	1560
3824589497	16240
3824589505	9100
3824589524	1600
3824589541	3540
3824589561	480
3824589569	240
3824589672	1900
3824589678	2560
3824589849	1620
3824589861	4440
3824589873	2920
3824589875	1340
3824589979	2280
3824590034	6340
3824590148	440
3824590181	5020
3824590202	460
3824590205	460
3824590296	1120
3824590318	4680
3824590354	1340
3824590405	1400
3824590421	2100
3824590500	280
3824590621	1940
3824590635	3700
3824590792	1160
3824590796	1160
3824590860	580
3824590927	2920
3824590971	5700
3824591018	4100
3824591038	1280
3824591166	1680
3824591206	1000
3824591250	1860
3824591275	2360
3824591291	2340
3824591398	2380
3824591581	6680
3824591667	820
3824591710	2040
3824591733	1020
3824591800	2900
3824591829	1760
3824591880	2180
3824591935	2260
3824592045	2880
3824592084	780
3824592125	3900
3824592137	1200
3824592256	680
3824592355	180
3824592415	3060
3824592543	2100
3824592688	420
3824592767	780
3824592771	1000
3824592794	5920
3824592870	400
3824592871	1160
3824592925	780
3824592943	5260
3824592955	380
3824592978	440
3824593034	4720
3824593067	1200
3824593074	3240
3824593088	3020
3824593094	520
3824593123	3880
3824593141	2760
3824593166	1560
3824593167	840
3824593205	5540
3824593207	2620
3824593244	2120
3824593284	4100
3824593369	1860
3824593419	6700
3824593468	360
3824593495	1840
3824593526	1040
3824593659	600
3824593693	6080
3824593753	1380
3824593763	1020
3824593778	620
3824593790	740
3824593886	6360
3824593956	220
3824594007	460
3824594052	520
3824594091	960
3824594158	2260
3824594159	700
3824594168	220
3824594227	900
3824594243	220
3824594376	1660
3824594379	3040
3824594398	9660
3824594402	560
3824594416	2440
3824594521	9360
3824594528	300
3824594558	2640
3824594621	400
3824594628	1300
3824594653	4120
3824594798	340
3824594830	1200
3824594833	3600
3824594856	160
3824594886	1100
3824594926	3300
3824594971	140
3824595063	260
3824595155	4520
3824595282	840
3824595368	1660
3824595477	280
3824595533	1400
3824595760	440
3824595783	860
3824595830	900
3824595903	620
3824595933	200
3824595955	680
3824596010	180
3824596044	1120
3824596178	2500
3824596197	3140
3824596213	100
3824596320	820
3824596335	4340
3824596375	880
3824596404	1940
3824596444	2460
3824596452	440
3824596460	16540
3824596487	1480
3824596501	2340
3824596524	320
3824596609	1140
3824596694	3760
3824596706	1140
3824596718	2860
3824596747	700
3824596777	2000
3824596861	1280
3824596867	1220
3824596875	1260
3824596914	2800
3824596941	6880
3824597007	2060
3824597033	2140
3824597039	1680
3824597101	1580
3824597156	4260
3824597160	1780
3824597235	4340
3824597249	1360
3824597290	2660
3824597327	320
3824597337	2280
3824597376	320
3824597408	500
3824597440	5300
3824597537	5760
3824597541	800
3824597547	1040
3824597590	840
3824597621	3600
3824597631	440
3824597717	2560
3824597839	1400
3824597870	1160
3824598062	3940
3824598219	4460
3824598277	1180
3824598307	3420
3824598327	320
3824598337	3580
3824598412	160
3824598422	11740
3824598636	3880
3824598641	7140
3824598663	2180
3824598699	280
3824598711	700
3824598745	1020
3824598748	1480
3824598808	1920
3824598810	1060
3824598818	3140
3824598827	300
3824598906	19400
3824598916	1080
3824598929	600
3824598935	360
3824599079	3020
3824599165	1540
3824599189	3840
3824599212	7120
3824599214	100
3824599242	1460
3824599277	200
3824599312	400
3824599529	140
3824599533	1720
3824599719	420
3824599734	3460
3824599769	380
3824599881	8240
3824599908	1080
3824600051	200
3824600088	900
3824600100	1440
3824600201	260
3824600245	3560
3824600248	820
3824600263	5860
3824600333	620
3824600401	1020
3824600443	5560
3824600524	2160
3824600524	2860
3824600525	5980
3824600653	1280
3824600692	520
3824600738	220
3824600754	920
3824600886	2660
3824600922	2560
3824600951	1160
3824600953	3600
3824601044	260
3824601058	1240
3824601088	7020
3824601112	640
3824601203	940
3824601228	220
3824601238	740
3824601294	720
3824601297	520
3824601298	740
3824601304	3660
3824601331	1580
3824601347	440
3824601365	160
3824601559	1500
3824601689	1860
3824601737	320
3824601744	2220
3824601784	4700
3824601803	1980
3824601922	700
3824602041	4020
3824602054	1800
3824602079	1820
3824602108	7940
3824602114	1920
3824602119	1320
3824602225	1540
3824602297	3000
3824602300	1600
3824602378	1340
3824602416	460
3824602454	3200
3824602467	160
3824602582	1420
3824602708	2140
3824602724	220
3824602736	140
3824602752	10880
3824602825	3680
3824602900	400
3824602902	19480
3824603014	1500
3824603014	1720
3824603181	1560
3824603201	520
3824603313	780
3824603338	2460
3824603400	160
3824603523	10240
3824603536	4300
3824603559	1660
3824603568	3680
3824603614	1780
3824603672	6280
3824603724	2260
3824603833	4500
3824603896	240
3824603899	5540
3824604061	240
3824604081	2920
3824604132	940
3824604177	680
3824604330	6640
3824604332	2260
3824604396	5960
3824604402	580
3824604407	460
3824604493	3040
3824604571	500
3824604629	2180
3824604667	600
3824604673	1580
3824604709	420
3824604741	120
3824604796	1760
3824604813	840
3824604839	160
3824604863	2400
3824604881	9500
3824604893	820
3824605088	1900
3824605286	1120
3824605320	1400
3824605335	1400
3824605335	160
3824605444	5040
3824605523	500
3824605595	560
3824605631	2400
3824605660	4620
3824605674	3200
3824605698	1640
3824605708	440
3824605720	2800
3824605736	1320
3824605801	2440
3824605811	4260
3824605817	6840
3824605832	600
3824605844	3180
3824606058	2740
3824606085	2760
3824606116	860
3824606181	1260
3824606195	3700
3824606325	3600
3824606332	1260
3824606512	1340
3824606539	4800
3824606580	1340
3824606596	4940
3824606621	3460
3824606654	5740
3824606731	740
3824606737	2280
3824606799	2680
3824606805	11120
3824606840	1800
3824606884	3580
3824606975	2140
3824606977	3640
3824607022	6260
3824607208	420
3824607223	500
3824607239	240
3824607296	980
3824607385	7520
3824607419	15200
3824607450	3460
3824607458	2040
3824607589	820
3824607662	1280
3824607667	920
3824607703	3060
3824607715	4900
3824607725	4400
3824607768	7260
3824607770	2600
3824607863	3840
3824607958	17580
3824607958	720
3824607983	580
3824608075	400
3824608098	640
3824608207	1620
3824608243	3020
3824608288	2100
3824608360	4080
3824608398	2800
3824608496	1260
3824608511	3820
3824608610	3680
3824608653	2720
3824608656	580
3824608733	900
3824608765	3940
3824608797	1600
3824608802	2380
3824608806	480
3824608808	1060
3824608809	360
3824608847	1300
3824608860	440
3824608880	4000
3824608891	800
3824608902	2780
3824609019	2660
3824609084	320
3824609127	740
3824609179	11640
3824609274	2560
3824609328	1820
3824609374	1860
3824609377	1060
3824609388	800
3824609408	3020
3824609477	4440
3824609691	2120
3824609719	240
3824609744	2640
3824609764	840
3824609769	1060
3824609779	3880
3824609785	2220
3824609819	6480
3824609820	300
3824609918	5040
3824609926	780
3824609950	2740
3824609957	700
3824609975	2280
3824610004	900
3824610038	940
3824610043	1040
3824610059	2280
3824610116	380
3824610167	980
3824610210	3520
3824610217	2320
3824610229	460
3824610273	1140
3824610282	700
3824610374	2280
3824610424	240
3824610428	720
3824610430	180
3824610439	960
3824610477	2340
3824610487	2180
3824610492	560
3824610545	2400
3824610576	1360
3824610631	140
3824610648	1640
3824610656	1500
3824610704	1640
3824610711	200
3824610787	1520
3824610910	180
3824610927	440
3824610929	7720
3824611044	4800
3824611072	480
3824611127	280
3824611132	1080
3824611133	940
3824611180	780
3824611207	4880
3824611332	1740
3824611377	1800
3824611452	500
3824611468	2800
3824611469	2440
3824611534	2420
3824611538	1380
3824611639	7620
3824611640	1120
3824611640	1580
3824611689	3800
3824611698	1260
3824611748	8940
3824611787	780
3824611850	1460
3824611865	17640
3824611914	5240
3824612008	120
3824612070	8260
3824612089	4720
3824612159	420
3824612208	2460
3824612240	5100
3824612353	3880
3824612405	560
3824612413	2160
3824612539	3540
3824612635	840
3824612682	1780
3824612743	2700
3824612769	320
3824612845	3580
3824612855	600
3824612869	4680
3824612892	240
3824612958	1500
3824613068	4780
3824613100	1580
3824613128	3380
3824613177	1220
3824613178	760
3824613183	880
3824613184	360
3824613244	1600
3824613426	3700
3824613487	1880
3824613625	2520
3824613632	1560
3824613653	2780
3824613751	10460
3824613758	19260
3824613784	3400
3824613810	400
3824613835	160
3824613896	6820
3824613933	2300
3824613990	340
3824613995	600
3824614000	1080
3824614143	1560
3824614195	1300
3824614233	1160
3824614252	2440
3824614293	1220
3824614322	1180
3824614382	460
3824614387	4340
3824614473	460
3824614513	3060
3824614582	760
3824614585	500
3824614639	5040
3824614655	1480
3824614666	400
3824614812	3020
3824614884	1640
3824614940	3180
3824615173	580
3824615275	16180
3824615308	720
3824615375	2060
3824615430	2740
3824615451	17100
3824615459	6220
3824615482	1180
3824615517	2720
3824615570	260
3824615596	1240
3824615765	140
3824615771	440
3824615783	720
3824615797	1660
3824615845	1080
3824615847	3580
3824615884	5060
3824615949	1440
3824615995	2380
3824616045	3040
3824616073	1180
3824616098	6160
3824616137	1940
3824616169	680
3824616172	1600
3824616177	480
3824616208	1620
3824616216	2180
3824616230	1640
3824616302	16840
3824616325	3640
3824616381	2360
3824616386	740
3824616451	560
3824616459	2980
3824616474	1000
3824616530	1240
3824616542	1940
3824616552	760
3824616731	2020
3824616787	100
3824616817	380
3824616867	120
3824616939	2860
3824616955	620
3824616970	5560
3824616996	2560
3824617025	6420
3824617047	460
3824617055	1180
3824617077	1960
3824617083	740
3824617209	1060
3824617323	3320
3824617338	980
3824617395	1020
3824617398	5160
3824617406	480
3824617409	220
3824617512	2100
3824617555	2620
3824617580	780
3824617592	5840
3824617648	660
3824617653	1000
3824617669	2060
3824617769	1040
3824617821	12060
3824617825	960
3824617952	6260
3824617970	2060
3824618005	1240
3824618041	920
3824618053	320
3824618106	4220
3824618328	1080
3824618382	5560
3824618459	220
3824618469	1740
3824618500	12420
3824618535	2420
3824618554	300
3824618852	4600
3824618870	780
3824618879	760
3824618891	1780
3824618904	920
3824618909	1220
3824618937	460
3824619241	860
3824619359	3300
3824619418	640
3824619423	300
3824619588	4240
3824619588	4880
3824619600	1040
3824619730	640
3824619738	1140
3824619750	300
3824619754	360
3824619797	1900
3824619939	700
3824620123	2180
3824620168	160
3824620187	340
3824620254	5220
3824620362	140
3824620421	900
3824620589	6020
3824620636	3320
3824620742	1500
3824620793	3960
3824620798	280
3824620838	4860
3824620884	1500
3824621011	2200
3824621044	1820
3824621056	660
3824621078	120
3824621094	2500
3824621101	860
3824621116	1360
3824621122	1840
3824621154	640
3824621166	1040
3824621179	1520
3824621186	1760
3824621209	240
3824621290	1340
3824621507	4100
3824621594	340
3824621600	560
3824621636	260
3824621714	1040
3824621721	540
3824621804	1620
3824621840	1260
3824621855	2200
3824621865	2860
3824621920	6080
3824621988	2640
3824622035	3220
3824622193	1460
3824622223	80
3824622226	180
3824622315	1800
3824622451	1040
3824622498	3780
3824622527	4620
3824622575	2400
3824622659	1120
3824622837	3680
3824622864	200
3824622916	1840
3824622931	1520
3824622944	500
3824622962	4880
3824623025	1320
3824623102	2880
3824623152	1340
3824623155	7980
3824623300	120
3824623314	2640
3824623325	1680
3824623365	5060
3824623513	800
3824623537	5300
3824623809	2480
3824623875	1640
3824623917	1140
3824623961	6000
3824624074	800
3824624101	8160
3824624134	680
3824624155	300
3824624348	1520
3824624406	640
3824624428	240
3824624438	2500
3824624438	2860
3824624440	540
3824624453	5620
3824624508	760
3824624598	10140
3824624633	2480
3824624644	3340
3824624656	5220
3824624677	700
3824624696	1340
3824624699	260
3824624699	1280
3824624703	300
3824624751	2220
3824624795	2160
3824624814	8640
3824624984	2260
3824625078	1340
3824625130	1920
3824625141	3020
3824625217	1860
3824625223	540
3824625242	10940
3824625277	4560
3824625354	1600
3824625424	2400
3824625482	1440
3824625559	4240
3824625597	120
3824625604	460
3824625628	2080
3824625648	320
3824625666	840
3824625700	1000
3824625727	660
3824625791	1380
3824625818	160
3824625905	3140
3824625925	4620
3824626079	820
3824626104	660
3824626124	3020
3824626124	960
3824626174	2400
3824626201	6780
3824626336	320
3824626353	300
3824626475	200
3824626480	1340
3824626546	1140
3824626590	2040
3824626744	3140
3824626821	1440
3824626824	900
3824627025	8140
3824627027	1800
3824627072	620
3824627102	240
3824627143	15900
3824627426	1740
3824627438	1060
3824627454	1380
3824627494	1180
3824627510	400
3824627531	1140
3824627561	16000
3824627632	1260
3824627738	13600
3824627746	1600
3824627770	1040
3824627808	1820
3824627844	12720
3824627862	560
3824627905	2280
3824627937	4260
3824627973	1260
3824628030	720
3824628032	1840
3824628033	1060
3824628037	1500
3824628088	6060
3824628137	8700
3824628161	380
3824628389	840
3824628395	2540
3824628396	1300
3824628397	2180
3824628415	2580
3824628427	440
3824628468	820
3824628532	960
3824628625	1280
3824628660	2080
3824628675	1960
3824628679	2920
3824628706	7580
3824628706	1180
3824629036	2540
3824629056	3780
3824629106	480
3824629216	4720
3824629223	1240
3824629236	3060
3824629291	2180
3824629325	4100
3824629358	2640
3824629473	3280
3824629482	160
3824629493	2880
3824629506	660
3824629531	220
3824629537	1460
3824629637	140
3824629643	3580
3824629655	5220
3824629670	1100
3824629676	2220
3824629683	100
3824629719	4860
3824629758	160
3824629811	1340
3824629817	520
3824629863	2620
3824629872	1280
3824629921	6460
3824629938	4120
3824629979	2780
3824630006	2880
3824630071	260
3824630118	200
3824630131	460
3824630319	280
3824630354	4840
3824630433	2140
3824630487	1940
3824630491	3380
3824630495	10040
3824630524	1180
3824630537	6680
3824630595	10360
3824630649	600
3824630727	1580
3824630728	280
3824630784	4520
3824630832	4180
3824630848	10240
3824630881	640
3824630986	2960
3824631021	13940
3824631116	380
3824631150	920
3824631167	3280
3824631182	1200
3824631213	1320
3824631242	3540
3824631276	320
3824631305	4500
3824631357	900
3824631377	1680
3824631388	240
3824631510	1540
3824631604	1680
3824631710	500
3824631718	1520
3824631739	1220
3824631760	3700
3824631809	860
3824631836	560
3824631974	360
3824631982	7060
3824632049	600
3824632061	680
3824632080	3200
3824632096	140
3824632108	3380
3824632121	920
3824632136	880
3824632178	8120
3824632210	2520
3824632234	780
3824632292	2100
3824632305	740
3824632307	600
3824632312	7720
3824632346	4260
3824632376	4720
3824632385	6440
3824632393	1940
3824632513	2400
3824632537	2020
3824632553	4800
3824632577	640
3824632615	520
3824632616	4420
3824632622	780
3824632661	1560
3824632713	2540
3824632721	1480
3824632746	160
3824632791	1160
3824632853	4120
3824632872	260
3824632895	6440
3824632898	1000
3824632954	1280
3824633115	3200
3824633129	4980
3824633215	1040
3824633323	260
3824633366	5480
3824633373	1980
3824633378	2700
3824633415	1140
3824633422	160
3824633445	1720
3824633475	9300
3824633481	5580
3824633483	980
3824633592	100
3824633635	3660
3824633658	3780
3824633665	1480
3824633718	560
3824633728	220
3824633781	3300
3824633802	1640
3824633812	2500
3824633875	2260
3824633889	1140
3824633992	660
3824634123	320
3824634204	2000
3824634222	1100
3824634254	680
3824634258	1960
3824634303	1840
3824634419	980
3824634461	1000
3824634499	11560
3824634531	3120
3824634711	2140
3824634820	980
3824634927	140
3824634945	2220
3824635068	1980
3824635076	3020
3824635083	7980
3824635119	160
3824635271	1900
3824635280	3700
3824635317	540
3824635325	2700
3824635390	1160
3824635440	1520
3824635477	1780
3824635591	100
3824635595	540
3824635613	560
3824635619	7720
3824635661	3600
3824635700	2400
3824635706	1820
3824635803	600
3824635853	1300
3824635856	540
3824635860	2080
3824635897	3360
3824635917	160
3824635934	1840
3824635957	2500
3824636037	5440
3824636052	880
3824636081	1560
3824636091	920
3824636124	4080
3824636127	800
3824636267	1260
3824636271	2040
3824636283	220
3824636308	1900
3824636328	140
3824636357	720
3824636411	780
3824636437	2840
3824636470	1860
3824636600	2980
3824636686	800
3824636792	1580
3824636838	700
3824636860	220
3824636862	1940
3824636898	180
3824636911	2580
3824636982	1500
3824637094	840
3824637119	300
3824637126	1420
3824637169	2740
3824637174	960
3824637187	1240
3824637254	1440
3824637289	2880
3824637367	440
3824637455	7860
3824637514	360
3824637612	700
3824637617	5820
3824637716	600
3824637827	4780
3824637864	320
3824637868	3120
3824637957	2980
3824637967	2140
3824637986	640
3824638003	2460
3824638075	4920
3824638118	2000
3824638145	440
3824638166	17560
3824638265	1780
3824638301	1700
3824638356	3040
3824638378	480
3824638441	2060
3824638648	2180
3824638685	2180
3824638709	3380
3824638721	460
3824638798	4480
3824638804	1080
3824638847	2140
3824638902	580
3824638916	1000
3824638988	600
3824639010	1520
3824639023	1300
3824639049	640
3824639054	1360
3824639125	160
3824639133	4160
3824639159	2880
3824639221	860
3824639231	1960
3824639246	1380
3824639274	660
3824639282	3340
3824639288	1920
3824639305	1060
3824639307	960
3824639336	4480
3824639366	540
3824639444	120
3824639477	260
3824639516	200
3824639598	1660
3824639621	3360
3824639739	920
3824639813	2180
3824639869	1940
3824639922	2980
3824639941	400
3824639943	1020
3824640062	1640
3824640067	3840
3824640103	2120
3824640121	1280
3824640129	520
3824640129	1060
3824640159	280
3824640172	4360
3824640225	1880
3824640247	960
3824640256	440
3824640265	3240
3824640276	280
3824640394	1120
3824640529	380
3824640615	4040
3824640617	6480
3824640630	1440
3824640648	2360
3824640685	1060
3824640763	1680
3824640861	6420
3824640872	1000
3824640873	2200
3824640906	1020
3824641027	1160
3824641069	4240
3824641080	3020
3824641218	13600
3824641220	2800
3824641248	560
3824641280	2720
3824641633	1780
3824641659	4980
3824641681	5000
3824641712	1940
3824641716	7440
3824641773	820
3824641807	2620
3824641863	1140
3824641951	6540
3824641952	3040
3824642045	8100
3824642062	80
3824642292	1200
3824642299	1260
3824642301	5600
3824642405	2120
3824642416	1920
3824642418	1120
3824642428	4360
3824642439	120
3824642467	1180
3824642471	220
3824642474	760
3824642562	10660
3824642578	3620
3824642603	1720
3824642606	1400
3824642681	620
3824642698	2320
3824642720	3440
3824642771	340
3824642865	3300
3824643073	4260
3824643283	1600
3824643283	1800
3824643299	2800
3824643362	400
3824643448	580
3824643479	480
3824643482	3560
3824643569	100
3824643594	600
3824643616	13560
3824643644	200
3824643649	200
3824643652	1500
3824643702	5860
3824643768	720
3824643796	460
3824643811	1740
3824643900	1600
3824643962	880
3824643979	1280
3824644006	240
3824644011	180
3824644037	5660
3824644060	12240
3824644112	4500
3824644202	1400
3824644203	2660
3824644272	4020
3824644274	1920
3824644309	2240
3824644337	1680
3824644339	1140
3824644349	2480
3824644368	400
3824644371	10700
3824644430	4560
3824644464	1240
3824644471	2480
3824644511	1020
3824644524	360
3824644569	4540
3824644580	4120
3824644672	2700
3824644764	2200
3824644768	4100
3824644781	3720
3824644881	740
3824644896	1960
3824644964	1360
3824644989	2180
3824645109	17700
3824645189	1600
3824645301	3800
3824645303	900
3824645312	680
3824645320	300
3824645372	1040
3824645398	3160
3824645426	1420
3824645533	2220
3824645630	8840
3824645659	3420
3824645699	1280
3824645738	3460
3824646207	6540
3824646242	19320
3824646257	360
3824646370	3220
3824646401	320
3824646401	1080
3824646409	2740
3824646436	600
3824646451	1000
3824646553	1780
3824646559	2000
3824646577	800
3824646589	2680
3824646604	1720
3824646715	640
3824646716	760
3824646718	3320
3824646798	460
3824646808	2140
3824646822	760
3824646839	2260
3824646887	1820
3824646943	7000
3824646966	1000
3824646967	2860
3824647013	6240
3824647038	1000
3824647046	1720
3824647103	5480
3824647117	200
3824647118	3760
3824647149	120
3824647286	4260
3824647336	200
3824647344	960
3824647438	700
3824647498	5640
3824647538	6800
3824647607	440
3824647689	700
3824647863	660
3824647903	920
3824647942	2980
3824648023	2140
3824648168	200
3824648192	280
3824648207	1480
3824648266	1520
3824648324	520
3824648327	1520
3824648330	2980
3824648487	920
3824648488	700
3824648550	260
3824648554	500
3824648587	1100
3824648638	520
3824648639	4920
3824648715	260
3824648773	2480
3824648819	5360
3824648882	3240
3824648905	4240
3824648911	3280
3824649011	1560
3824649076	300
3824649096	1340
3824649098	1540
3824649123	1560
3824649139	2340
3824649156	2540
3824649157	2120
3824649168	900
3824649246	3960
3824649275	2320
3824649549	7800
3824649615	600
3824649641	3860
3824649653	1620
3824649693	540
3824649804	5640
3824649861	3240
3824649907	620
3824649916	2720
3824649941	1580
3824649970	1260
3824649977	1900
3824650029	840
3824650034	1700
3824650046	6020
3824650084	1600
3824650091	440
3824650143	2880
3824650145	2000
3824650222	960
3824650244	1980
3824650284	1040
3824650322	2580
3824650352	6160
3824650375	4000
3824650512	5600
3824650544	3280
3824650616	3340
3824650702	680
3824650730	620
3824650740	140
3824650810	1480
3824650840	460
3824650930	5920
3824650990	2200
3824651000	1260
3824651002	1580
3824651046	100
3824651192	3360
3824651207	2360
3824651256	1900
3824651278	2800
3824651305	240
3824651338	1600
3824651350	4640
3824651478	500
3824651483	1560
3824651501	1160
3824651526	380
3824651612	1340
3824651622	3000
3824651630	1820
3824651633	1300
3824651645	1100
3824651819	1020
3824651866	420
3824651885	1220
3824651902	2860
3824651965	2740
3824652002	1040
3824652022	6260
3824652192	6320
3824652195	3140
3824652207	800
3824652242	3820
3824652402	4020
3824652475	1200
3824652508	2040
3824652516	740
3824652525	3540
3824652579	4040
3824652585	5620
3824652619	1020
3824652634	2100
3824652644	660
3824652666	900
3824652697	1040
3824652720	2900
3824652785	1080
3824652813	560
3824652822	3800
3824652895	1660
3824652932	240
3824653095	220
3824653155	3580
3824653180	660
3824653216	10320
3824653221	5060
3824653226	2640
3824653303	1240
3824653357	2720
3824653448	5980
3824653511	5920
3824653662	2620
3824653690	920
3824653695	1760
3824653743	4260
3824653802	320
3824653975	920
3824654021	840
3824654028	3080
3824654029	3720
3824654034	1220
3824654055	5480
3824654070	3520
3824654094	1000
3824654095	1460
3824654159	420
3824654177	960
3824654194	2120
3824654221	260
3824654262	920
3824654348	3320
3824654360	1440
3824654452	2900
3824654567	740
3824654573	1840
3824654583	8100
3824654606	3180
3824654619	3520
3824654671	8000
3824654685	920
3824654712	4280
3824654716	2460
3824654734	1160
3824654778	1400
3824654837	4380
3824654912	4600
3824654918	1820
3824655178	1500
3824655202	440
3824655253	180
3824655261	2320
3824655303	2220
3824655351	5640
3824655393	2240
3824655427	1960
3824655465	540
3824655606	2740
3824655707	9160
3824655775	700
3824655781	3280
3824655785	820
3824655787	1660
3824655861	280
3824656181	1720
3824656189	2820
3824656316	1640
3824656327	780
3824656339	2480
3824656350	320
3824656380	2280
3824656442	1660
3824656574	1920
3824656580	2140
3824656693	840
3824656723	460
3824656736	1300
3824656744	720
3824656767	240
3824656796	14300
3824656840	280
3824656841	4020
3824656852	560
3824656863	400
3824656865	1100
3824656889	1640
3824656903	1320
3824656971	1440
3824657020	1500
3824657135	1840
3824657169	680
3824657229	1700
3824657275	960
3824657295	840
3824657383	1000
3824657402	900
3824657450	2960
3824657561	1240
3824657626	1360
3824657628	180
3824657642	800
3824657663	2040
3824657752	6680
3824657795	5280
3824657810	1500
3824657840	300
3824657849	1780
3824657875	1640
3824657881	720
3824657939	720
3824657991	1100
3824658003	6480
3824658071	5940
3824658088	7280
3824658120	100
3824658172	760
3824658193	1600
3824658202	5280
3824658246	8100
3824658295	1280
3824658316	3140
3824658370	1780
3824658461	1720
3824658470	2860
3824658492	3840
3824658511	1740
3824658613	2760
3824658668	2400
3824658681	620
3824658705	4320
3824658723	140
3824658763	2420
3824658831	440
3824658875	2580
3824658886	240
3824658994	1680
3824659010	1340
3824659013	6040
3824659064	2700
3824659116	1240
3824659164	1140
3824659187	1280
3824659193	1080
3824659226	2100
3824659430	3660
3824659446	340
3824659465	880
3824659519	260
3824659523	2260
3824659623	840
3824659675	840
3824659707	980
3824659860	460
3824659872	660
3824659887	460
3824659902	1540
3824659910	2220
3824659968	6500
3824659994	2700
3824660128	3540
3824660175	180
3824660213	300
3824660251	1820
3824660260	3760
3824660261	860
3824660283	880
3824660312	1180
3824660379	1280
3824660432	1460
3824660544	1320
3824660568	940
3824660596	900
3824660618	920
3824660631	1400
3824660734	1080
3824660762	220
3824660861	3780
3824660878	3280
3824660906	380
3824660912	2780
3824660915	6880
3824660969	2240
3824660998	180
3824660999	5600
3824661010	7920
3824661239	2500
3824661363	1840
3824661404	1300
3824661407	2720
3824661430	460
3824661504	600
3824661576	560
3824661653	440
3824661740	9280
3824661749	540
3824661856	300
3824661916	1080
3824661941	15340
3824662029	14360
3824662077	360
3824662208	2440
3824662292	1800
3824662336	1700
3824662380	2220
3824662387	9880
3824662414	480
3824662514	160
3824662676	3480
3824662704	1900
3824662996	2620
3824663148	3940
3824663168	2420
3824663325	940
3824663452	280
3824663501	4940
3824663574	3160
3824663583	1400
3824663588	300
3824663628	1160
3824663672	4160
3824663682	4040
3824663728	220
3824663789	1220
3824663804	1020
3824663845	1480
3824663861	1620
3824663986	4340
3824663995	6360
3824664001	3740
3824664090	3700
3824664181	600
3824664241	1120
3824664317	1060
3824664319	2760
3824664405	2740
3824664444	3680
3824664486	7620
3824664487	2640
3824664497	6980
3824664499	720
3824664504	840
3824664604	0
3824664722	1720
3824664780	2120
3824664800	3720
3824664807	100
3824664841	1580
3824664904	2820
3824664905	2520
3824664985	4840
3824665070	1400
3824665103	1080
3824665111	1700
3824665173	3060
3824665212	1780
3824665225	2800
3824665257	180
3824665357	4420
3824665362	12000
3824665409	3020
3824665578	10620
3824665635	880
3824665702	1000
3824665717	4360
3824665749	4820
3824665817	6560
3824665881	440
3824665967	2440
3824666028	440
3824666036	1980
3824666063	1500
3824666086	240
3824666162	3560
3824666177	12860
3824666204	3220
3824666230	2600
3824666316	800
3824666326	1180
3824666333	200
3824666382	1460
3824666404	2760
3824666468	4720
3824666492	1520
3824666537	4060
3824666556	500
3824666604	1400
3824666657	1400
3824666710	300
3824666830	400
3824666859	940
3824666887	2380
3824666897	600
3824666992	6700
3824667008	1080
3824667029	820
3824667054	1200
3824667118	860
3824667148	1800
3824667198	540
3824667202	1260
3824667224	3980
3824667300	3280
3824667324	200
3824667359	300
3824667374	460
3824667394	10600
3824667416	960
3824667474	5640
3824667515	3060
3824667531	5020
3824667580	6720
3824667639	1560
3824667742	2240
3824667756	1740
3824667812	520
3824667870	2460
3824667882	1280
3824667960	1220
3824668000	2000
3824668043	6180
3824668065	1980
3824668173	15900
3824668228	540
3824668237	2720
3824668270	1660
3824668365	400
3824668374	4660
3824668405	2160
3824668463	9720
3824668529	3360
3824668541	420
3824668554	740
3824668591	1400
3824668727	3240
3824668737	340
3824668769	1320
3824668798	1840
3824668812	700
3824668824	2300
3824668827	620
3824668888	340
3824668980	3600
3824669038	340
3824669071	860
3824669110	11180
3824669113	10140
3824669119	620
3824669146	400
3824669261	1420
3824669292	2020
3824669296	1600
3824669307	4420
3824669348	1740
3824669365	4500
3824669494	340
3824669539	400
3824669549	14180
3824669630	4300
3824669792	1060
3824669981	1040
3824669988	6720
3824669993	2220
3824670136	2300
3824670179	180
3824670202	5020
3824670213	2280
3824670321	2020
3824670328	1560
3824670349	240
3824670400	680
3824670457	4180
3824670500	760
3824670607	460
3824670691	3920
3824670697	1360
3824670710	240
3824670750	800
3824670802	960
3824670842	740
3824670888	1520
3824670895	4860
3824670932	1040
3824670935	1300
3824671026	1320
3824671051	260
3824671104	3660
3824671106	1340
3824671178	280
3824671195	4100
3824671215	1660
3824671235	1220
3824671246	2840
3824671311	2080
3824671314	3420
3824671319	480
3824671381	2600
3824671392	460
3824671398	3980
3824671404	980
3824671408	3020
3824671413	7060
3824671417	600
3824671456	340
3824671459	520
3824671497	260
3824671516	2040
3824671527	680
3824671540	2620
3824671577	620
3824671639	780
3824671687	5860
3824671700	900
3824671713	3080
3824671720	2320
3824671760	280
3824671773	360
3824671818	500
3824671838	7200
3824671892	7460
3824671929	1060
3824671933	6800
3824671955	1440
3824672010	2340
3824672121	2240
3824672127	1080
3824672141	1420
3824672267	460
3824672270	140
3824672321	1200
3824672392	1180
3824672440	6180
3824672457	2720
3824672459	520
3824672561	1500
3824672755	680
3824672781	2920
3824672802	2740
3824672810	1220
3824672828	2160
3824672863	700
3824672908	1920
3824672921	1720
3824672943	700
3824672959	660
3824672974	640
3824672997	2040
3824673026	15240
3824673083	3580
3824673099	1880
3824673216	420
3824673326	1840
3824673327	3840
3824673352	5340
3824673478	2440
3824673489	220
3824673520	2480
3824673533	2100
3824673535	880
3824673553	3320
3824673680	5620
3824673769	1180
3824673784	9880
3824673784	900
3824673861	1740
3824673874	160
3824673934	340
3824673958	1560
3824673970	400
3824674133	100
3824674181	5780
3824674265	1180
3824674295	260
3824674397	2360
3824674480	660
3824674502	780
3824674536	6780
3824674612	7480
3824674622	2600
3824674665	4640
3824674717	2260
3824674789	920
3824674816	840
3824674845	420
3824674865	8060
3824674972	2920
3824675037	100
3824675061	3040
3824675129	420
3824675180	840
3824675218	4580
3824675273	7640
3824675340	560
3824675387	1460
3824675395	3280
3824675487	2600
3824675503	1220
3824675691	6280
3824675705	3220
3824675748	200
3824675860	7120
3824675898	4040
3824676013	240
3824676077	1720
3824676088	1460
3824676116	700
3824676181	1960
3824676223	280
3824676293	3200
3824676349	5760
3824676584	2460
3824676650	240
3824676661	1760
3824676686	280
3824676726	2540
3824676788	560
3824676811	3700
3824676814	6160
3824676898	4420
3824676946	2000
3824677039	1380
3824677059	1280
3824677075	11960
3824677191	300
3824677196	4840
3824677299	10140
3824677347	1640
3824677385	4320
3824677410	220
3824677442	1920
3824677465	2320
3824677467	7500
3824677476	520
3824677513	940
3824677513	5080
3824677525	740
3824677688	220
3824677703	4000
3824677712	10900
3824677835	120
3824677934	580
3824678048	2420
3824678088	180
3824678206	1200
3824678251	3200
3824678261	120
3824678276	660
3824678299	5120
3824678300	4860
3824678516	640
3824678541	3060
3824678551	400
3824678552	1480
3824678615	2360
3824678768	1140
3824678826	2860
3824678839	1180
3824678909	1960
3824678963	1700
3824679115	2160
3824679234	2400
3824679302	1440
3824679330	2060
3824679446	1720
3824679456	3820
3824679483	4800
3824679519	200
3824679611	200
3824679619	120
3824679620	6980
3824679625	1040
3824679628	3420
3824679669	1980
3824679687	1660
3824679701	480
3824679703	840
3824679782	640
3824679868	2840
3824679895	840
3824679922	6640
3824680005	340
3824680028	240
3824680037	500
3824680051	1440
3824680103	1100
3824680306	580
3824680388	2640
3824680417	420
3824680430	1100
3824680563	1020
3824680591	3780
3824680603	260
3824680613	1680
3824680639	1440
3824680666	1340
3824680698	820
3824680706	580
3824680739	2460
3824680744	1680
3824680804	2480
3824680852	1260
3824680894	4400
3824680934	1260
3824680959	1780
3824681049	7680
3824681065	340
3824681112	420
3824681144	2440
3824681159	2160
3824681183	1940
3824681191	3000
3824681298	400
3824681341	420
3824681342	1920
3824681433	2420
3824681439	1080
3824681586	2480
3824681742	3640
3824681744	240
3824681865	7900
3824681898	520
3824681901	200
3824681949	6300
3824682047	1300
3824682068	1560
3824682160	1360
3824682250	4000
3824682266	3040
3824682307	1320
3824682315	8220
3824682392	760
3824682411	440
3824682487	540
3824682500	3280
3824682501	1380
3824682579	3340
3824682641	400
3824682674	9200
3824682788	1960
3824682790	1900
3824682792	3960
3824682850	300
3824682899	320
3824682920	540
3824682934	5220
3824682947	1660
3824682979	1460
3824682986	160
3824683003	1360
3824683006	9920
3824683016	4940
3824683046	1020
3824683216	1120
3824683266	1060
3824683268	820
3824683326	200
3824683330	1860
3824683435	1200
3824683446	3660
3824683512	3520
3824683544	120
3824683602	960
3824683618	5000
3824683630	1020
3824683645	9180
3824683646	1620
3824683772	140
3824683814	2960
3824683828	1940
3824683912	6320
3824683913	4020
3824683916	880
3824684042	1100
3824684083	380
3824684132	2160
3824684155	4600
3824684186	180
3824684259	940
3824684259	360
3824684328	2380
3824684331	2240
3824684355	2060
3824684368	2800
3824684406	1500
3824684459	360
3824684484	1560
3824684487	3240
3824684487	200
3824684546	8000
3824684762	580
3824684821	660
3824684837	2040
3824684911	2460
3824685002	840
3824685036	1000
3824685096	2180
3824685126	620
3824685126	160
3824685163	1640
3824685173	3720
3824685212	3480
3824685315	580
3824685338	2240
3824685362	2140
3824685409	300
3824685442	1820
3824685492	5520
3824685727	560
3824685772	3420
3824685781	1680
3824685813	4360
3824685815	1200
3824685942	3880
3824685946	120
3824685978	820
3824686013	820
3824686023	360
3824686023	1860
3824686055	1500
3824686062	540
3824686069	3460
3824686182	2160
3824686221	520
3824686226	240
3824686235	900
3824686236	8920
3824686278	160
3824686361	3840
3824686632	1860
3824686702	2060
3824686758	580
3824686840	1040
3824686847	560
3824686935	1900
3824686989	1760
3824687033	3460
3824687048	2500
3824687147	780
3824687269	1780
3824687350	1080
3824687406	3080
3824687410	3740
3824687440	1680
3824687475	980
3824687607	9460
3824687659	2640
3824687777	1800
3824687808	2180
3824687811	2700
3824687839	820
3824687865	1520
3824687907	8700
3824687910	4060
3824687921	480
3824687922	0
3824688000	160
3824688046	3620
3824688101	2640
3824688130	1380
3824688245	1960
3824688249	100
3824688288	760
3824688288	760
3824688362	980
3824688383	740
3824688508	4140
3824688577	220
3824688586	360
3824688603	10800
3824688619	960
3824688622	4660
3824688860	600
3824689007	1180
3824689065	860
3824689118	1860
3824689186	1500
3824689205	220
3824689213	1760
3824689244	4240
3824689287	3300
3824689294	660
3824689315	900
3824689382	7740
3824689408	1980
3824689468	4380
3824689502	2900
3824689547	1060
3824689573	3340
3824689597	1380
3824689693	1960
3824689708	1480
3824689764	1680
3824689816	240
3824689832	3060
3824689842	180
3824689855	980
3824689894	720
3824689896	780
3824689922	2940
3824690000	120
3824690025	440
3824690038	1420
3824690233	5620
3824690315	620
3824690357	2760
3824690368	440
3824690404	3820
3824690409	1620
3824690478	2080
3824690590	4840
3824690688	1680
3824690917	1700
3824690936	3520
3824691124	240
3824691190	2320
3824691299	1800
3824691321	1200
3824691373	520
3824691380	6360
3824691708	3540
3824691713	1220
3824691757	5700
3824691769	640
3824691787	5200
3824691810	660
3824691878	320
3824691883	2360
3824691888	2860
3824691945	1960
3824691949	9280
3824691962	680
3824692017	1060
3824692135	220
3824692255	1240
3824692377	1520
3824692396	1320
3824692406	3160
3824692407	2020
3824692451	8720
3824692478	1480
3824692484	4880
3824692499	12700
3824692542	1660
3824692640	1820
3824692683	2620
3824692773	10560
3824692865	2700
3824692872	5500
3824692979	680
3824692981	680
3824693024	740
3824693035	140
3824693072	2480
3824693091	1080
3824693115	1880
3824693161	3800
3824693176	3140
3824693213	4980
3824693233	7480
3824693266	5520
3824693334	1020
3824693345	280
3824693365	500
3824693387	2080
3824693425	400
3824693464	1000
3824693481	4960
3824693485	1680
3824693549	740
3824693563	420
3824693687	400
3824693731	2540
3824693774	3040
3824693776	2960
3824693791	10400
3824693854	5520
3824693905	1740
3824693949	4760
3824693971	2780
3824694010	720
3824694025	4760
3824694053	3980
3824694089	1520
3824694279	1260
3824694286	2200
3824694348	360
3824694368	4960
3824694400	480
3824694607	900
3824694615	980
3824694656	400
3824694694	520
3824694746	360
3824694760	4520
3824694779	140
3824694800	100
3824694836	2580
3824694841	4000
3824694929	2040
3824694964	4680
3824695071	1320
3824695179	1960
3824695187	820
3824695245	6720
3824695280	900
3824695324	1140
3824695327	760
3824695458	11480
3824695570	6720
3824695576	1760
3824695591	6400
3824695643	5840
3824695751	5200
3824695752	1580
3824695847	1560
3824696101	2760
3824696196	5480
3824696200	660
3824696249	1440
3824696265	3700
3824696285	1180
3824696401	880
3824696555	15940
3824696593	660
3824696639	7960
3824696660	14540
3824696898	3720
3824696916	1940
3824697008	3540
3824697218	6100
3824697221	2720
3824697296	4100
3824697396	2940
3824697419	260
3824697543	1440
3824697584	2260
3824697590	2100
3824697646	2420
3824697836	3440
3824697852	3940
3824697914	2960
3824697929	1460
3824697934	2240
3824698033	360
3824698043	4580
3824698092	2520
3824698150	1480
3824698177	4040
3824698276	1600
3824698277	940
3824698303	2400
3824698329	1300
3824698404	540
3824698423	2540
3824698440	380
3824698483	680
3824698511	13040
3824698588	320
3824698603	440
3824698654	5020
3824698688	1960
3824698722	300
3824698732	4540
3824698804	2080
3824698809	600
3824698815	2460
3824698844	11860
3824698854	180
3824698953	920
3824699037	700
3824699130	1580
3824699158	8920
3824699221	1480
3824699222	600
3824699518	500
3824699615	2540
3824699636	4280
3824699733	6260
3824699800	3260
3824699845	640
3824699892	4540
3824699916	1320
3824699979	2160
3824699983	1320
3824699985	1160
3824700020	3800
3824700098	8860
3824700114	6280
3824700126	1700
3824700173	480
3824700197	340
3824700225	1180
3824700258	1400
3824700362	940
3824700557	220
3824700622	140
3824700724	2080
3824700772	1900
3824700793	1240
3824700897	7720
3824700898	2060
3824700960	380
3824701058	4860
3824701076	500
3824701100	480
3824701144	2900
3824701155	600
3824701244	3640
3824701407	1040
3824701442	4980
3824701443	660
3824701507	220
3824701564	1260
3824701616	7380
3824701635	1920
3824701636	2800
3824701683	140
3824701701	1320
3824701720	360
3824701788	3440
3824701892	1620
3824701929	3900
3824701946	260
3824701980	560
3824701991	2140
3824702012	2980
3824702029	140
3824702169	700
3824702208	4760
3824702214	460
3824702335	2100
3824702429	6320
3824702482	160
3824702668	720
3824702674	2400
3824702702	1960
3824702712	1020
3824702727	3720
3824702865	1160
3824702896	520
3824702900	1320
3824702942	220
3824702949	820
3824702950	1700
3824703057	220
3824703122	2360
3824703139	7180
3824703165	4900
3824703206	4180
3824703285	2100
3824703361	680
3824703403	1300
3824703465	1620
3824703490	1900
3824703526	6960
3824703539	6860
3824703550	1020
3824703572	3220
3824703573	1240
3824703582	1040
3824703685	6960
3824703737	820
3824703768	940
3824703855	2020
3824703945	1280
3824703964	1100
3824703985	1440
3824703986	1340
3824704027	160
3824704087	3240
3824704122	340
3824704266	11980
3824704307	920
3824704307	1020
3824704315	1400
3824704359	2920
3824704386	460
3824704389	660
3824704422	8420
3824704443	1120
3824704469	260
3824704497	500
3824704498	620
3824704531	860
3824704570	940
3824704673	3220
3824704719	3940
3824704728	1420
3824704753	2060
3824704766	860
3824704767	140
3824704787	660
3824704789	920
3824704802	240
3824704810	820
3824704827	300
3824704893	1220
3824704895	2900
3824704927	580
3824705051	3780
3824705078	1800
3824705304	1940
3824705330	3960
3824705342	480
3824705384	2020
3824705438	5560
3824705577	460
3824705689	520
3824705701	3720
3824705704	140
3824705772	4380
3824705785	4300
3824705811	280
3824705842	1980
3824706000	4460
3824706013	2140
3824706015	740
3824706025	1540
3824706131	5060
3824706184	200
3824706256	640
3824706279	880
3824706313	1700
3824706388	2080
3824706402	760
3824706425	3320
3824706447	1040
3824706479	920
3824706508	880
3824706567	2840
3824706577	2900
3824706661	3540
3824706667	480
3824706680	2060
3824706688	3780
3824706741	600
3824706870	140
3824706877	2540
3824706885	2400
3824706890	720
3824706912	7860
3824706950	860
3824707010	800
3824707040	220
3824707208	480
3824707227	12240
3824707244	420
3824707248	2000
3824707254	1760
3824707261	980
3824707274	7120
3824707284	300
3824707284	2000
3824707329	2940
3824707429	2180
3824707431	6620
3824707441	2980
3824707524	1800
3824707531	1200
3824707551	160
3824707608	2520
3824707758	2660
3824707780	740
3824707843	3360
3824707850	240
3824707885	2020
3824707911	5460
3824708078	840
3824708147	4280
3824708151	3440
3824708172	720
3824708211	320
3824708242	2060
3824708257	2100
3824708305	2660
3824708314	2240
3824708390	840
3824708478	240
3824708566	7980
3824708664	2960
3824708677	5660
3824708707	7160
3824708710	1300
3824708824	1340
3824708840	1840
3824708869	380
3824708881	1040
3824708909	600
3824709021	1120
3824709032	1060
3824709187	1360
3824709217	1920
3824709227	2300
3824709321	300
3824709341	3560
3824709445	8640
3824709565	2140
3824709703	8620
3824709704	440
3824709775	8820
3824709811	4080
3824709817	11040
3824709911	120
3824709913	5080
3824709957	1380
3824710031	3380
3824710060	2240
3824710079	4480
3824710084	4720
3824710209	4340
3824710234	360
3824710333	5520
3824710392	300
3824710446	2620
3824710458	7940
3824710499	740
3824710729	660
3824710771	4680
3824710802	2400
3824710882	220
3824710907	660
3824710960	2080
3824711041	10600
3824711058	7620
3824711079	4200
3824711214	2320
3824711323	4320
3824711416	220
3824711454	2620
3824711525	3420
3824711540	2740
3824711612	1900
3824711635	1340
3824711642	3160
3824711684	3100
3824711692	500
3824711718	1440
3824711742	980
3824711760	1100
3824711790	900
3824711849	420
3824711929	2080
3824712004	5800
3824712085	1580
3824712111	640
3824712189	1900
3824712268	5580
3824712650	2280
3824712674	1840
3824712727	760
3824712732	380
3824712800	720
3824712950	1780
3824712967	1320
3824713191	2040
3824713228	3360
3824713262	4520
3824713262	240
3824713282	1840
3824713366	260
3824713496	6960
3824713538	280
3824713617	420
3824713620	1500
3824713697	260
3824713845	260
3824713855	440
3824713953	1320
3824713970	1860
3824713971	3000
3824714035	4680
3824714036	5020
3824714062	17260
3824714138	580
3824714156	4380
3824714180	1340
3824714218	1280
3824714284	8260
3824714293	1220
3824714302	860
3824714308	440
3824714351	520
3824714357	3040
3824714362	19300
3824714365	1060
3824714529	2140
3824714595	8740
3824714616	1080
3824714698	220
3824714757	340
3824714778	160
3824714812	1000
3824714839	660
3824714925	9860
3824714973	2640
3824715021	1980
3824715083	3240
3824715148	1020
3824715202	660
3824715250	660
3824715263	19920
3824715287	1740
3824715346	980
3824715423	1080
3824715476	6060
3824715501	420
3824715554	620
3824715604	260
3824715625	2540
3824715707	1220
3824715709	260
3824715831	2000
3824715986	1100
3824716000	1320
3824716051	2080
3824716201	340
3824716235	160
3824716237	380
3824716258	3680
3824716262	1380
3824716268	1760
3824716303	3400
3824716354	1760
3824716381	660
3824716439	540
3824716639	2160
3824716659	1280
3824716660	1180
3824716670	680
3824716747	540
3824716791	3840
3824716793	1320
3824716816	2200
3824716858	7600
3824716879	4600
3824716955	520
3824716989	300
3824717271	8720
3824717306	6200
3824717353	2220
3824717391	1220
3824717432	160
3824717533	7680
3824717612	200
3824717646	5500
3824717657	520
3824717709	1340
3824717715	1080
3824717735	4320
3824717825	1880
3824717854	1460
3824717904	5920
3824717933	4360
3824717936	2460
3824717955	180
3824717958	1260
3824718071	2320
3824718131	2660
3824718168	2020
3824718201	500
3824718204	660
3824718219	1340
3824718242	620
3824718247	3280
3824718314	280
3824718351	3640
3824718383	2040
3824718397	320
3824718423	1620
3824718434	4340
3824718485	320
3824718500	2640
3824718535	440
3824718581	740
3824718598	580
3824718909	160
3824718978	1640
3824719085	17720
3824719099	1860
3824719129	3980
3824719130	1040
3824719155	18480
3824719179	1600
3824719326	400
3824719553	1620
3824719601	8940
3824719662	420
3824719726	1140
3824719752	360
3824719756	9320
3824719795	3660
3824719829	2280
3824719855	1440
3824719915	4260
3824720011	4260
3824720063	2680
3824720110	3180
3824720157	1420
3824720178	7600
3824720262	4640
3824720295	3140
3824720329	240
3824720344	1340
3824720351	1840
3824720388	4500
3824720408	1960
3824720452	1560
3824720470	7080
3824720477	10360
3824720509	300
3824720550	1940
3824720569	1320
3824720589	4600
3824720694	7200
3824720736	5340
3824720801	260
3824720904	500
3824721066	1240
3824721226	2380
3824721295	660
3824721379	5840
3824721546	1000
3824721570	10340
3824721605	1920
3824721625	2520
3824721631	3260
3824721825	1260
3824721832	1420
3824721836	420
3824721842	440
3824721862	3760
3824721882	1620
3824721933	4720
3824722060	460
3824722061	440
3824722092	2780
3824722129	420
3824722185	1240
3824722266	15820
3824722276	700
3824722290	5400
3824722304	7980
3824722522	1320
3824722556	10620
3824722715	6440
3824722722	3500
3824722736	2080
3824722992	5460
3824723043	2560
3824723050	6020
3824723092	600
3824723187	5900
3824723249	400
3824723256	1360
3824723291	1180
3824723342	2340
3824723348	380
3824723390	480
3824723431	860
3824723442	200
3824723571	15560
3824723576	1520
3824723624	2920
3824723647	800
3824723805	5320
3824723885	860
3824723959	14220
3824724062	6880
3824724096	740
3824724209	380
3824724211	180
3824724248	1680
3824724333	2120
3824724347	1620
3824724378	2920
3824724394	380
3824724417	1440
3824724466	420
3824724473	120
3824724497	1720
3824724545	4020
3824724557	1940
3824724578	120
3824724628	1880
3824724645	1660
3824724742	3500
3824724817	460
3824724887	180
3824724941	4060
3824725016	4140
3824725039	2620
3824725051	3840
3824725077	160
3824725309	980
3824725319	1580
3824725398	2380
3824725434	360
3824725502	1740
3824725618	4340
3824725626	1440
3824725659	1340
3824725666	1600
3824725702	900
3824725753	140
3824725755	140
3824725790	5020
3824725808	300
3824725854	3440
3824725880	3580
3824725937	3000
3824726020	360
3824726102	240
3824726136	6020
3824726202	860
3824726234	2580
3824726242	220
3824726244	3360
3824726260	2720
3824726377	300
3824726396	2040
3824726397	740
3824726433	1060
3824726538	900
3824726556	1760
3824726568	1500
3824726571	1020
3824726705	340
3824726707	120
3824726718	240
3824726771	1380
3824726778	4040
3824726789	1440
3824726883	2920
3824727013	3020
3824727051	500
3824727116	420
3824727122	2200
3824727126	3920
3824727127	2560
3824727146	7420
3824727153	7760
3824727207	2620
3824727278	2060
3824727364	740
3824727370	15600
3824727405	4900
3824727405	11080
3824727546	2280
3824727580	3720
3824727583	960
3824727628	700
3824727666	3940
3824727672	4880
3824727691	480
3824727713	9180
3824727737	520
3824727827	5140
3824727884	2920
3824727924	5400
3824727950	120
3824727962	680
3824728032	1480
3824728032	2940
3824728071	420
3824728098	200
3824728126	560
3824728151	440
3824728155	3340
3824728204	1180
3824728209	180
3824728261	2000
3824728274	2880
3824728331	8980
3824728511	1020
3824728511	3380
3824728545	700
3824728598	2900
3824728637	1220
3824728664	140
3824728668	1680
3824728769	3960
3824728774	3120
3824728826	6420
3824728979	500
3824728997	880
3824729016	120
3824729079	5160
3824729112	2320
3824729125	2260
3824729221	740
3824729250	1780
3824729300	4000
3824729452	1900
3824729519	1760
3824729584	1320
3824729592	2900
3824729615	340
3824729659	920
3824729833	3020
3824729875	740
3824729989	600
3824730072	3100
3824730151	2020
3824730196	1280
3824730226	1960
3824730252	780
3824730261	1120
3824730267	120
3824730282	1400
3824730365	200
3824730389	2640
3824730408	5340
3824730479	1100
3824730509	2900
3824730645	340
3824730711	920
3824730729	1200
3824730763	340
3824730818	1180
3824730866	3460
3824730870	1620
3824730939	280
3824730941	1080
3824730962	240
3824731043	6880
3824731136	1100
3824731202	1260
3824731229	220
3824731341	200
3824731370	13360
3824731425	880
3824731469	760
3824731530	360
3824731662	1220
3824731689	720
3824731728	200
3824731763	2400
3824731786	7820
3824731805	4340
3824731810	100
3824731825	60
3824731835	1400
3824731875	1020
3824731893	1500
3824731900	900
3824731973	160
3824732004	1940
3824732102	380
