Version 1.2
******************************************** Units *******************************************
System CGS
TemperatureUnit K
MomentUnit emu
AppliedFieldUnit G
 
******************************************** Setup ********************************************
 
Experiment CustomField
Minor False
Acquisition Continuous
EditedPoint No
MaxField 10000
FieldIncrement 294.117647058824
Points 137
MinField 0
RampRate 29.4117647058824
AverageTime 10
TimeInterval 0
TimeConstant 0.1
TimeConstantIndex 0
Sensitivity 10
SensitivityIndex 2
SensitivityY 10
SensitivityIndexY 2
SaturationField 8000
ExperimentTime 1370
Use735Domains False
AutoRangeEnabled False
NumberOfVertices 7
VertexPts
0
24
44
68
92
112
136
VertexField
10000
200
-200
-10000
-200
200
10000
StartAngle 0
EndAngle 0
AngleIncrement 0
StartTemp 0
FinishTemp 0
TempIncrement 0
TempPoints 0
LengthofSetPointsArray 137
SetPointArray
10000
9591.66666666667
9183.33333333333
8775
8366.66666666666
7958.33333333333
7550
7141.66666666667
6733.33333333333
6325
5916.66666666667
5508.33333333333
5100
4691.66666666667
4283.33333333333
3875
3466.66666666667
3058.33333333333
2650
2241.66666666667
1833.33333333333
1425
1016.66666666667
608.333333333333
200
180
160
140
120
100
80
60
40
20
0
-20
-40
-60
-80
-100
-120
-140
-160
-180
-200
-608.333333333333
-1016.66666666667
-1425
-1833.33333333333
-2241.66666666667
-2650
-3058.33333333333
-3466.66666666667
-3875
-4283.33333333333
-4691.66666666667
-5100
-5508.33333333333
-5916.66666666667
-6325
-6733.33333333333
-7141.66666666667
-7550
-7958.33333333333
-8366.66666666666
-8775
-9183.33333333333
-9591.66666666667
-10000
-9591.66666666667
-9183.33333333333
-8775
-8366.66666666666
-7958.33333333333
-7550
-7141.66666666667
-6733.33333333333
-6325
-5916.66666666667
-5508.33333333333
-5100
-4691.66666666667
-4283.33333333333
-3875
-3466.66666666667
-3058.33333333333
-2650
-2241.66666666667
-1833.33333333333
-1425
-1016.66666666667
-608.333333333333
-200
-180
-160
-140
-120
-100
-80
-60
-40
-20
0
20
40
60
80
100
120
140
160
180
200
608.333333333333
1016.66666666667
1425
1833.33333333333
2241.66666666667
2650
3058.33333333333
3466.66666666667
3875
4283.33333333333
4691.66666666667
5100
5508.33333333333
5916.66666666667
6325
6733.33333333333
7141.66666666667
7550
7958.33333333333
8366.66666666666
8775
9183.33333333333
9591.66666666667
10000
FieldDomainFile C:\IDEASVSM\students\Experiments\Loop to 10000 (25 min)\fdomain.ini
TempDomainFile C:\IDEASVSM\students\Experiments\Loop to 10000 (25 min)\tdomain.ini
NumSelectedResults 2
ResultsSelected 1006,  1008
UserName1 
UserValue1 
UserName2 
UserValue2 
LinearBackgroundCorrection Off
MaxLinearFieldCorrection 
MinLinearFieldCorrection 
AutoLinearCorrection Off
FitOneRegion Off
BackgroundMode Off
BackgroundFilename 
AutoCenter Off
OffsetCorrection 
SmoothDeriv Off
DerivOrder 0
DerivPoints 0
MinExFieldOne 
MaxExFieldOne 
MinExFieldTwo 
MaxExFieldTwo 
MinPinFieldOne 
MaxPinFieldOne 
MinPinFieldTwo 
MaxPinFieldTwo 
HCenterStart 
Mass 
Volume 
Density 
MolarWeight 
NumberOfMoles 
Demagnetization 
SampleArea 
Thickness 
MomentScaling 0
XAxis 0
YAxis 0
SimpleSpinValve False
HsatMax 0
HsatMin 0
FieldAutoRange True
 
*************************************************** Experiment Data ********************************************
 
DataPoints 137
MomentX Data
0.0035159
0.0034767
0.0033554
0.0033156
0.0032082
0.0032531
0.0031625
0.0031101
0.0030773
0.0029964
0.0029578
0.002896
0.0027921
0.0026979
0.0026583
0.0025767
0.0025711
0.0024329
0.0023966
0.0023176
0.0021528
0.0019589
0.0018488
0.0016696
0.0014856
0.0014872
0.0014415
0.0014252
0.0014651
0.0014522
0.0014561
0.0014197
0.0014181
0.0014447
0.0014667
0.0014203
0.0014097
0.0013772
0.0013655
0.0013538
0.001325
0.0013164
0.0013231
0.0013102
0.0012799
0.0012112
0.00053879
-0.001151
-0.0022623
-0.0026937
-0.0028649
-0.0030684
-0.0031587
-0.0032477
-0.0032844
-0.0033541
-0.0033889
-0.0034403
-0.0034687
-0.0035323
-0.0036143
-0.0036701
-0.0037637
-0.0038362
-0.0039012
-0.003964
-0.0040394
-0.0040682
-0.0041384
-0.0041482
-0.0041417
-0.0040376
-0.0039934
-0.0039784
-0.0038729
-0.0037782
-0.0037062
-0.0036681
-0.0036217
-0.0035073
-0.0034593
-0.0034001
-0.003333
-0.0032681
-0.0032411
-0.0031174
-0.0030249
-0.0029132
-0.0028142
-0.0026687
-0.0025566
-0.0023348
-0.0021549
-0.0020352
-0.0020116
-0.0019881
-0.002005
-0.0020013
-0.0020013
-0.001969
-0.002007
-0.0019365
-0.0018755
-0.001904
-0.0019187
-0.0018571
-0.001881
-0.0018189
-0.0018053
-0.0017953
-0.0017726
-0.0017581
-0.0017549
-0.0016893
-0.001078
0.00064302
0.0017918
0.0021675
0.002381
0.0024773
0.0026127
0.0027043
0.002746
0.0028673
0.0029197
0.0029859
0.0030291
0.0031193
0.0031527
0.0031803
0.0032642
0.0033319
0.0034017
0.0034813
0.0035693
0.0036011
0.0036572
MomentY Data
-0.00017868
-0.0001477
-0.000068624
-0.000021475
0.000011268
-0.000019714
0.000074921
0.000078637
0.000066983
0.00014043
0.000088096
0.00010347
0.000097723
0.000056607
0.000011341
0.000036194
0.000090123
0.00012518
0.0001725
0.00019759
0.00024038
0.00022788
0.00021118
0.0002072
0.00019832
0.00022063
0.00025259
0.00029301
0.00026709
0.00027486
0.00026872
0.00028018
0.00030159
0.00032803
0.00030541
0.00027569
0.00023871
0.00027803
0.00029244
0.00036293
0.00033453
0.0003259
0.00030722
0.000325
0.00037017
0.00043877
0.00042165
0.00042566
0.00041436
0.00039186
0.00037392
0.00038968
0.0004007
0.00038376
0.00043075
0.00047814
0.00052632
0.00052795
0.00058805
0.00061175
0.00059624
0.00062453
0.00065682
0.00065768
0.00071203
0.00060257
0.00063958
0.00068011
0.00062121
0.00064388
0.00058955
0.00060319
0.00056684
0.00057909
0.00068269
0.0006606
0.00065613
0.00066241
0.00063879
0.00065439
0.00066275
0.00071162
0.00073109
0.00069509
0.00070453
0.0006493
0.00063867
0.0006273
0.00062097
0.00061041
0.00063265
0.00062395
0.00063396
0.00062441
0.0007249
0.00072999
0.00070508
0.00060702
0.00055659
0.00054849
0.00060706
0.00063117
0.0006504
0.00061187
0.00060714
0.00058045
0.00063998
0.00062613
0.00060499
0.00061445
0.0006423
0.00064765
0.00063537
0.00062367
0.00068542
0.00069177
0.0007197
0.00075878
0.00080768
0.00075398
0.00076735
0.00073145
0.00072488
0.00073107
0.00068489
0.00070145
0.00070923
0.00071413
0.00072206
0.00065343
0.00065852
0.00061664
0.00067092
0.00069973
0.00071771
0.00068052
0.00068179
Field Data
9796.1
9392.7
8971.6
8554
8139.6
7728.7
7320.5
6914.2
6509.5
6105.3
5701.1
5296.7
4892.7
4489.7
4086.5
3682.7
3278.3
2874
2469.6
2064.1
1659.7
1255.8
851.9
447.75
203.7
193
173.22
153.19
133.19
113.2
93.152
73.208
53.194
33.148
13.167
-6.8433
-26.858
-46.844
-66.847
-85.87
-105.04
-125.05
-145.03
-165.01
-185.05
-339.32
-739.82
-1148
-1555.9
-1963.9
-2371.9
-2779.8
-3187.8
-3595.4
-4003.1
-4410.1
-4817.4
-5224.3
-5631
-6037.6
-6443.2
-6848.6
-7253.2
-7656
-8057.1
-8456.2
-8852.9
-9247.8
-9640.5
-9760.1
-9382.6
-8958.9
-8537.5
-8120.1
-7705
-7292.9
-6882.7
-6474
-6066.2
-5658.2
-5250.2
-4842.4
-4434.6
-4026.9
-3618.2
-3210.2
-2802
-2393.5
-1985.4
-1577
-1168.9
-760.83
-357.53
-193.18
-173.92
-153.93
-133.9
-113.9
-93.909
-73.938
-53.924
-33.919
-13.902
6.1002
26.063
46.118
66.091
86.116
106.1
126.06
146.1
166.11
186.09
344.36
730.69
1122.6
1514.4
1906.4
2298.5
2690.7
3082.4
3474
3865.5
4256.2
4646.5
5037
5428.1
5819.3
6210
6599.1
6987.9
7375.9
7762.7
8148.1
8531.7
8913.3
9293.4
Time Data
0
9.9
19.8
29.7
39.6
49.5
59.4
69.3
79.2
89.1
99
108.9
118.8
128.7
138.6
148.5
158.4
168.3
178.2
188.1
198
207.9
217.8
227.7
237.6
250
260
270
280
290
300
310
320
330
340
350
360
370
380
390
400
410
420
430
440
450
460
470
480
490
500
510
520
530
540
550
560
570
580
590
600
610
620
630
640
650
660
670
680
690
700
710
720
730
740
750
760
770
780
790
800
810
820
830
840
850
860
870
880
890
900
910
920
930
940
950
960
970
980
990
1000
1010
1020
1030
1040
1050
1060
1070
1080
1090
1100
1110
1120
1130
1140
1150
1160
1170
1180
1190
1200
1210
1220
1230
1240
1250
1260
1270
1280
1290
1300
1310
1320
1330
1340
1350
1360
Temperature Data
0
0
0
0
0
0
0
0
0
0
0
0
0
0
0
0
0
0
0
0
0
0
0
0
0
0
0
0
0
0
0
0
0
0
0
0
0
0
0
0
0
0
0
0
0
0
0
0
0
0
0
0
0
0
0
0
0
0
0
0
0
0
0
0
0
0
0
0
0
0
0
0
0
0
0
0
0
0
0
0
0
0
0
0
0
0
0
0
0
0
0
0
0
0
0
0
0
0
0
0
0
0
0
0
0
0
0
0
0
0
0
0
0
0
0
0
0
0
0
0
0
0
0
0
0
0
0
0
0
0
0
0
0
0
0
0
0
Angle Data
0
0
0
0
0
0
0
0
0
0
0
0
0
0
0
0
0
0
0
0
0
0
0
0
0
0
0
0
0
0
0
0
0
0
0
0
0
0
0
0
0
0
0
0
0
0
0
0
0
0
0
0
0
0
0
0
0
0
0
0
0
0
0
0
0
0
0
0
0
0
0
0
0
0
0
0
0
0
0
0
0
0
0
0
0
0
0
0
0
0
0
0
0
0
0
0
0
0
0
0
0
0
0
0
0
0
0
0
0
0
0
0
0
0
0
0
0
0
0
0
0
0
0
0
0
0
0
0
0
0
0
0
0
0
0
0
0
Bx Data
0
0
0
0
0
0
0
0
0
0
0
0
0
0
0
0
0
0
0
0
0
0
0
0
0
0
0
0
0
0
0
0
0
0
0
0
0
0
0
0
0
0
0
0
0
0
0
0
0
0
0
0
0
0
0
0
0
0
0
0
0
0
0
0
0
0
0
0
0
0
0
0
0
0
0
0
0
0
0
0
0
0
0
0
0
0
0
0
0
0
0
0
0
0
0
0
0
0
0
0
0
0
0
0
0
0
0
0
0
0
0
0
0
0
0
0
0
0
0
0
0
0
0
0
0
0
0
0
0
0
0
0
0
0
0
0
0
Hint Data
0
0
0
0
0
0
0
0
0
0
0
0
0
0
0
0
0
0
0
0
0
0
0
0
0
0
0
0
0
0
0
0
0
0
0
0
0
0
0
0
0
0
0
0
0
0
0
0
0
0
0
0
0
0
0
0
0
0
0
0
0
0
0
0
0
0
0
0
0
0
0
0
0
0
0
0
0
0
0
0
0
0
0
0
0
0
0
0
0
0
0
0
0
0
0
0
0
0
0
0
0
0
0
0
0
0
0
0
0
0
0
0
0
0
0
0
0
0
0
0
0
0
0
0
0
0
0
0
0
0
0
0
0
0
0
0
0
Torque Data
-1.750367148
-1.38730179
-0.6156670784
-0.18369715
0.0917170128
-0.1523635918
0.5484591805
0.5437119454
0.4360258385
0.857367279
0.5022441056
0.548049549
0.4781293221
0.2541484479
0.0463449965
0.1332916438
0.2954502309
0.35976732
0.426006
0.407845519
0.398958686
0.286171704
0.179904242
0.0927738
0.040397784
0.04258159
0.0437536398
0.0448862019
0.0355737171
0.031114152
0.02503180544
0.02051141744
0.01604277846
0.01087353844
0.00402133347
-0.001886629377
-0.00641127318
-0.01302403732
-0.01954873668
-0.0311647991
-0.0351390312
-0.040753795
-0.0445561166
-0.05362825
-0.0684999585
-0.1488834364
-0.311945103
-0.48865768
-0.644702724
-0.769573854
-0.886900848
-1.083232464
-1.27735146
-1.379770704
-1.724335325
-2.108645214
-2.535493968
-2.758169185
-3.31130955
-3.6935018
-3.841693568
-4.277156158
-4.764046824
-5.03519808
-5.736896913
-5.095452434
-5.662137782
-6.289521258
-5.988775005
-6.284333188
-5.53151183
-5.403918891
-4.8393965
-4.702268709
-5.26012645
-4.81768974
-4.515945951
-4.28844234
-3.875027898
-3.702669498
-3.47957005
-3.445948688
-3.242091714
-2.799057921
-2.549130446
-2.08438286
-1.78955334
-1.50144255
-1.232873838
-0.96261657
-0.739504585
-0.4747198785
-0.2266597188
-0.1206235238
-0.126074608
-0.1123673607
-0.094410212
-0.069139578
-0.05226881031
-0.04055425362
-0.03273510344
-0.02140865523
-0.0090418608
0.003732529374
0.01582388982
0.0267691931
0.04229691818
0.05391981108
0.064189439
0.077457567
0.09384003
0.1075811415
0.1182360033
0.2147670012
0.5008295398
0.776581002
1.08991368
1.446538192
1.85645248
2.028733986
2.36527964
2.5410573
2.80202364
3.111580134
3.182341385
3.53320365
3.849771363
4.155736709
4.4839926
4.312049913
4.601671908
4.548274976
5.208150684
5.701470013
6.123286407
6.065678916
6.336147186
dMdH Data
9.71740208230048E-08
2.88055093801947E-07
9.53065134099616E-08
2.59169884169885E-07
-1.09272329033828E-07
2.21950024497796E-07
1.28968742308638E-07
8.10476896466528E-08
2.0014844136566E-07
9.54972785749634E-08
1.52818991097922E-07
2.57178217821782E-07
2.33746898263027E-07
9.82142857142855E-08
2.02080237741457E-07
1.38476755687431E-08
3.41825377195152E-07
8.97626112759643E-08
1.9482120838471E-07
4.07517309594461E-07
4.80069324090121E-07
2.72592225798465E-07
4.43399727823828E-07
7.53943863962303E-07
-1.49532710280378E-07
2.31041456016177E-06
8.13779331003501E-07
-0.000001995
6.45322661330662E-07
-1.94533120510776E-07
1.82511030886482E-06
7.99440391725812E-08
-1.32694801955502E-06
-1.10104599369401E-06
2.31880581500527E-06
5.29610736108957E-07
1.62613829680776E-06
5.84912263160532E-07
6.15044945592173E-07
1.50234741784038E-06
4.29785107446282E-07
-3.35335335335341E-07
6.45645645645643E-07
1.51197604790419E-06
4.45323134763727E-07
1.67892634207241E-06
4.13981576755353E-06
2.72444226526109E-06
1.05735294117647E-06
4.19607843137256E-07
4.98896788428537E-07
2.21323529411764E-07
2.18351324828263E-07
9.00171694873676E-08
1.71253071253072E-07
8.54407070955066E-08
1.26320963381666E-07
6.98303417752645E-08
1.56419085095917E-07
2.02169625246549E-07
1.37641835224469E-07
2.31339594661395E-07
1.79990069513406E-07
1.62054350536026E-07
1.5735404660486E-07
1.90068061507438E-07
7.29298556596603E-08
1.78762414056532E-07
8.19397993311027E-08
1.72185430463588E-08
2.45692707104083E-07
1.04888467014712E-07
3.59367513176815E-08
2.54155625150566E-07
2.29798592574618E-07
1.75524134568502E-07
9.32224125275266E-08
1.13781265326141E-07
2.80392156862744E-07
1.1764705882353E-07
1.45169200588523E-07
1.64541441883277E-07
1.59185675741967E-07
6.6063126988011E-08
3.03186274509803E-07
2.26604605585498E-07
2.73439412484701E-07
2.42587601078166E-07
3.56268364348678E-07
2.74687576574369E-07
5.43534197564143E-07
4.46069923134144E-07
7.28323699421965E-07
1.22533748701972E-06
1.17558779389695E-06
-8.43734398402387E-07
1.84999999999986E-07
0
1.61734515046819E-06
-1.89867093034877E-06
3.52411897025744E-06
3.04740970175351E-06
-1.42484326724061E-06
-7.36369647544426E-07
3.07155322862129E-06
-1.19661543083163E-06
3.10112359550562E-06
6.80544435548445E-07
5.01002004008006E-07
1.13273453093813E-06
7.24637681159418E-07
1.60160160160164E-07
4.14481582106527E-07
1.58232599073331E-06
4.39136536449695E-06
2.93205717202654E-06
9.58418367346939E-07
5.44503953073195E-07
2.4553799082101E-07
3.45672708705642E-07
2.33912155260471E-07
1.06513409961686E-07
3.10468390069107E-07
1.34255700743017E-07
1.69526248399488E-07
1.10457683456916E-07
2.30572597137015E-07
8.5487586383414E-08
7.09329221279876E-08
2.15792181069959E-07
1.74484536082474E-07
1.80455015511893E-07
2.06538661131292E-07
2.29405630865485E-07
8.33333333333331E-08
1.4759273875296E-07
1.4759273875296E-07
dMdT Data
0
0
0
0
0
0
0
0
0
0
0
0
0
0
0
0
0
0
0
0
0
0
0
0
0
0
0
0
0
0
0
0
0
0
0
0
0
0
0
0
0
0
0
0
0
0
0
0
0
0
0
0
0
0
0
0
0
0
0
0
0
0
0
0
0
0
0
0
0
0
0
0
0
0
0
0
0
0
0
0
0
0
0
0
0
0
0
0
0
0
0
0
0
0
0
0
0
0
0
0
0
0
0
0
0
0
0
0
0
0
0
0
0
0
0
0
0
0
0
0
0
0
0
0
0
0
0
0
0
0
0
0
0
0
0
0
0
 
*********************************************** Results ***************************************
 
TotalArea 6.28193280867
AreaFirstQuad 1.08180590810589
AreaSecondQuad 0.867508459846886
AreaThirdQuad 3.1063265792924
AreaFourthQuad 1.22629186142481
Coercivity 923.070020663975
PositiveCoercivity 976.171737574229
NegativeCoercivity -869.968303753721
Retentivity 1.6657382274675E-03
PositiveRetentivity 1.43616828383383E-03
NegativeRetentivity -1.89530817110118E-03
Magnetization 0.0039027
PositiveMagnetization 0.0036572
NegativeMagnetization -0.0041482
Flatness 0.628652121780327
Squareness 0.426816877409871
SStar 0.564095761363566
SFD1 0.441407636849433
SFD2 0.114060144564404
Slope 0
Intercept 0
SlopeAtHc 4.13981576755353E-06
dH1 515.619864196133
dH2 105.2855
InitialSlope 9.71740208230048E-08
FieldAtHalfMs 0
FieldAtMs 9293.4
MomentMean -2.54295547445255E-04
MomentRMS 2.75085003270083E-03
SFD3 0.548704206840876
dH3 506.492403547018
UserField1 0
UserField2 0
CenterField 0
ExchangeField 0
ExchangeMoment 0
ExRegionOneIntercept 0
ExRegionOneSlope 0
ExRegionTwoIntercept 0
ExRegionTwoSlope 0
NegativeIntercept 0
NegativeSlope 0
AutoCenterOffset 0
PinningField 0
PinningMoment 0
PinRegionOneIntercept 0
PinRegionOneSlope 0
PinRegionTwoIntercept 0
PinRegionTwoSlope 0
PositiveIntercept 0
PositiveSlope 0
TotalOffset 0
BHMax 0
BCoercivity 0
BRetentivity 0
BNegativeCoercivity 0
BPositiveCoercivity 0
BNegativeRetentivity 0
BPositiveRetentivity 0
MomentYMean 4.77946788321168E-04
MomentYRMS 2.39309527300862E-04
YOffCorrection 0
Mrt 0
Ms1 0
Ms2 0
Ms3 0
Hc2 0
Hex2 0
HsatValue 0
HsatIntercept 0
HsatSlope 0
CenterH 0
