Version 1.2
******************************************** Units *******************************************
System CGS
TemperatureUnit K
MomentUnit emu
AppliedFieldUnit G
 
******************************************** Setup ********************************************
 
Experiment CustomField
Minor False
Acquisition PointByPoint
EditedPoint No
MaxField 10000
FieldIncrement 285.714285714286
Points 141
MinField 0
RampRate 26.6666666666667
AverageTime 5
TimeInterval 0
TimeConstant 0.3
TimeConstantIndex 1
Sensitivity 10
SensitivityIndex 2
SensitivityY 10
SensitivityIndexY 2
SaturationField 8000
ExperimentTime 705
Use735Domains False
AutoRangeEnabled False
NumberOfVertices 11
VertexPts
0
13
25
45
57
70
83
95
115
127
140
VertexField
10000
2000
200
-200
-2000
-10000
-2000
-200
200
2000
10000
StartAngle 0
EndAngle 0
AngleIncrement 0
StartTemp 0
FinishTemp 0
TempIncrement 0
TempPoints 0
LengthofSetPointsArray 141
SetPointArray
10000
9384.61538461538
8769.23076923077
8153.84615384615
7538.46153846154
6923.07692307692
6307.69230769231
5692.30769230769
5076.92307692308
4461.53846153846
3846.15384615385
3230.76923076923
2615.38461538462
2000
1850
1700
1550
1400
1250
1100
950
800
650
500
350
200
180
160
140
120
100
80
60
40
20
0
-20
-40
-60
-80
-100
-120
-140
-160
-180
-200
-350
-500
-650
-800
-950
-1100
-1250
-1400
-1550
-1700
-1850
-2000
-2615.38461538462
-3230.76923076923
-3846.15384615385
-4461.53846153846
-5076.92307692308
-5692.30769230769
-6307.69230769231
-6923.07692307692
-7538.46153846154
-8153.84615384615
-8769.23076923077
-9384.61538461538
-10000
-9384.61538461538
-8769.23076923077
-8153.84615384615
-7538.46153846154
-6923.07692307692
-6307.69230769231
-5692.30769230769
-5076.92307692308
-4461.53846153846
-3846.15384615385
-3230.76923076923
-2615.38461538462
-2000
-1850
-1700
-1550
-1400
-1250
-1100
-950
-800
-650
-500
-350
-200
-180
-160
-140
-120
-100
-80
-60
-40
-20
0
20
40
60
80
100
120
140
160
180
200
350
500
650
800
950
1100
1250
1400
1550
1700
1850
2000
2615.38461538462
3230.76923076923
3846.15384615385
4461.53846153846
5076.92307692308
5692.30769230769
6307.69230769231
6923.07692307692
7538.46153846154
8153.84615384615
8769.23076923077
9384.61538461538
10000
FieldDomainFile C:\IDEASVSM\students\Experiments\loop to 10000 (20min)\fdomain.ini
TempDomainFile C:\IDEASVSM\students\Experiments\loop to 10000 (20min)\tdomain.ini
NumSelectedResults 0
ResultsSelected 
UserName1 
UserValue1 
UserName2 
UserValue2 
LinearBackgroundCorrection Off
MaxLinearFieldCorrection 
MinLinearFieldCorrection 
AutoLinearCorrection Off
FitOneRegion Off
BackgroundMode Off
BackgroundFilename 
AutoCenter Off
OffsetCorrection 
SmoothDeriv Off
DerivOrder 0
DerivPoints 0
MinExFieldOne 
MaxExFieldOne 
MinExFieldTwo 
MaxExFieldTwo 
MinPinFieldOne 
MaxPinFieldOne 
MinPinFieldTwo 
MaxPinFieldTwo 
HCenterStart 
Mass 
Volume 
Density 
MolarWeight 
NumberOfMoles 
Demagnetization 
SampleArea 
Thickness 
MomentScaling 0
XAxis 0
YAxis 0
SimpleSpinValve False
HsatMax 0
HsatMin 0
FieldAutoRange True
 
*************************************************** Experiment Data ********************************************
 
DataPoints 141
MomentX Data
8.4405
8.4341
8.4154
8.3885
8.3365
8.1311
7.6489
7.04
6.3541
5.6017
4.8306
4.0585
3.2865
2.5167
2.3278
2.1397
1.9519
1.7639
1.5762
1.3885
1.2007
1.013
0.82554
0.63779
0.45028
0.26283
0.23835
0.21336
0.18832
0.16334
0.1384
0.11345
0.088456
0.063351
0.038456
0.013483
-0.011455
-0.036417
-0.061296
-0.086395
-0.11127
-0.13631
-0.16108
-0.18608
-0.21103
-0.236
-0.42342
-0.6105
-0.79765
-0.98462
-1.1716
-1.3582
-1.5449
-1.7317
-1.9185
-2.1051
-2.2918
-2.4781
-3.2431
-4.0079
-4.7702
-5.5285
-6.2683
-6.9515
-7.5579
-8.0441
-8.2609
-8.3179
-8.3479
-8.3712
-8.3905
-8.3825
-8.3637
-8.3364
-8.2833
-8.0725
-7.5889
-6.9823
-6.2992
-5.5512
-4.7855
-4.0181
-3.2503
-2.4837
-2.2959
-2.1089
-1.9221
-1.7352
-1.5485
-1.3617
-1.1749
-0.98821
-0.80152
-0.61482
-0.42815
-0.24167
-0.21724
-0.19256
-0.16763
-0.14282
-0.11785
-0.092975
-0.068177
-0.043358
-0.018535
0.0062014
0.031282
0.056081
0.080896
0.10583
0.13057
0.15542
0.18035
0.20501
0.22979
0.25473
0.44145
0.62786
0.81409
1.0002
1.1862
1.3723
1.5583
1.7443
1.9304
2.1161
2.3018
2.4876
3.2487
4.0106
4.7702
5.5264
6.2638
6.9413
7.5432
8.0222
8.2302
8.2847
8.3143
8.3371
8.3559
MomentY Data
-0.349
-0.3657
-0.38782
-0.4115
-0.43548
-0.44288
-0.4212
-0.39031
-0.3531
-0.3109
-0.26807
-0.22556
-0.18292
-0.14039
-0.12994
-0.11954
-0.10899
-0.0985
-0.088293
-0.077872
-0.067393
-0.05685
-0.046442
-0.036095
-0.025514
-0.014894
-0.01355
-0.012303
-0.01094
-0.0094762
-0.0080995
-0.0066667
-0.0052806
-0.0039665
-0.0026743
-0.0012088
0.000063924
0.0013761
0.0027817
0.0041434
0.0056299
0.0070318
0.0084187
0.0099964
0.011353
0.012669
0.023177
0.033674
0.044148
0.054504
0.065002
0.075389
0.085805
0.096269
0.10661
0.1171
0.12761
0.13783
0.1805
0.22313
0.26554
0.30781
0.34946
0.38691
0.41815
0.44032
0.435
0.41201
0.38962
0.36954
0.35154
0.36585
0.38709
0.41039
0.43369
0.43967
0.41769
0.38681
0.3499
0.3077
0.26533
0.22299
0.18063
0.13828
0.12796
0.1177
0.1074
0.097017
0.086619
0.076191
0.065854
0.055537
0.045242
0.034872
0.024507
0.014066
0.012699
0.011311
0.0098538
0.0084959
0.0071027
0.005691
0.0042452
0.002866
0.001463
0.00011906
-0.0012846
-0.0025934
-0.0039446
-0.0053206
-0.0066532
-0.0081257
-0.0095917
-0.010927
-0.01231
-0.013641
-0.023927
-0.03433
-0.044733
-0.054991
-0.065426
-0.075811
-0.086205
-0.096527
-0.1069
-0.11717
-0.12751
-0.13785
-0.18011
-0.22241
-0.26449
-0.30655
-0.34787
-0.38472
-0.41564
-0.43702
-0.43041
-0.40741
-0.38508
-0.36489
-0.34645
Field Data
10000
9446.5
8801.7
8167.7
7544.5
6925.9
6308.7
5692.3
5076.6
4460.8
3845.4
3229.8
2614.4
1998.8
1849.2
1699.3
1549.3
1399.3
1249.4
1099.3
949.41
799.39
649.37
499.47
349.43
199.38
179.86
159.89
139.87
119.91
99.961
79.875
59.882
39.986
19.939
-0.11544
-20.065
-40.029
-60.092
-80.019
-100.07
-120.04
-140.04
-160.05
-180.07
-200.08
-350.39
-500.49
-650.5
-800.56
-950.58
-1100.6
-1250.6
-1400.6
-1550.5
-1700.6
-1850.5
-2000.5
-2616.5
-3232.1
-3847.4
-4462.6
-5077.4
-5692.4
-6306.9
-6921.1
-7534.3
-8145.3
-8752.4
-9352
-9945.4
-9444.5
-8801.2
-8166.8
-7544.2
-6925.4
-6308.5
-5692.4
-5076.5
-4460.9
-3845.3
-3229.8
-2614.2
-1998.7
-1849.2
-1699.2
-1549.2
-1399.3
-1249.3
-1099.2
-949.3
-799.27
-649.33
-499.31
-349.31
-199.26
-179.71
-159.77
-139.78
-119.78
-99.814
-79.815
-59.791
-39.817
-19.788
0.20208
20.196
40.21
60.171
80.14
100.17
120.18
140.15
160.21
180.17
200.13
350.51
500.57
650.61
800.58
950.6
1100.6
1250.6
1400.6
1550.7
1700.6
1850.6
2000.6
2616.7
3232.4
3847.6
4462.9
5077.7
5692.8
6307.2
6921.5
7534.7
8145.5
8752.2
9351.6
9942.5
Time Data
0
13.016
26.016
39.016
52
65.016
78
91.016
104
117.02
130
143.02
156
169.02
182
195
208
221.02
234
247
260
273.02
286.02
299
312.02
325
338.02
351
364.02
377
390.02
403.02
416.02
429
442.02
455.02
468.02
481
494.02
507
520.02
533
546.02
559
572.02
585
598.02
611.02
624
637.02
650
663.02
676
689.02
702
715.02
728
741.02
754
767.02
780.02
793.02
806
819.02
832.02
845.02
858.02
871.02
884.02
897
910.02
923.02
936
949.02
962.02
975.02
988
1001
1014
1027
1040
1053
1066
1079
1092
1105
1118
1131
1144
1157
1170
1183
1196
1209
1222
1235
1248
1261
1274
1287
1300
1313
1326
1339
1352
1365
1378
1391
1404
1417
1430
1443
1456
1469
1482
1495
1508
1521
1534
1547
1560
1573
1586
1599
1612
1625
1638
1651
1664
1677
1690
1703
1716
1729
1742
1755
1768
1781
1794
1807
1820
Temperature Data
0
0
0
0
0
0
0
0
0
0
0
0
0
0
0
0
0
0
0
0
0
0
0
0
0
0
0
0
0
0
0
0
0
0
0
0
0
0
0
0
0
0
0
0
0
0
0
0
0
0
0
0
0
0
0
0
0
0
0
0
0
0
0
0
0
0
0
0
0
0
0
0
0
0
0
0
0
0
0
0
0
0
0
0
0
0
0
0
0
0
0
0
0
0
0
0
0
0
0
0
0
0
0
0
0
0
0
0
0
0
0
0
0
0
0
0
0
0
0
0
0
0
0
0
0
0
0
0
0
0
0
0
0
0
0
0
0
0
0
0
0
Angle Data
0
0
0
0
0
0
0
0
0
0
0
0
0
0
0
0
0
0
0
0
0
0
0
0
0
0
0
0
0
0
0
0
0
0
0
0
0
0
0
0
0
0
0
0
0
0
0
0
0
0
0
0
0
0
0
0
0
0
0
0
0
0
0
0
0
0
0
0
0
0
0
0
0
0
0
0
0
0
0
0
0
0
0
0
0
0
0
0
0
0
0
0
0
0
0
0
0
0
0
0
0
0
0
0
0
0
0
0
0
0
0
0
0
0
0
0
0
0
0
0
0
0
0
0
0
0
0
0
0
0
0
0
0
0
0
0
0
0
0
0
0
Bx Data
0
0
0
0
0
0
0
0
0
0
0
0
0
0
0
0
0
0
0
0
0
0
0
0
0
0
0
0
0
0
0
0
0
0
0
0
0
0
0
0
0
0
0
0
0
0
0
0
0
0
0
0
0
0
0
0
0
0
0
0
0
0
0
0
0
0
0
0
0
0
0
0
0
0
0
0
0
0
0
0
0
0
0
0
0
0
0
0
0
0
0
0
0
0
0
0
0
0
0
0
0
0
0
0
0
0
0
0
0
0
0
0
0
0
0
0
0
0
0
0
0
0
0
0
0
0
0
0
0
0
0
0
0
0
0
0
0
0
0
0
0
Hint Data
0
0
0
0
0
0
0
0
0
0
0
0
0
0
0
0
0
0
0
0
0
0
0
0
0
0
0
0
0
0
0
0
0
0
0
0
0
0
0
0
0
0
0
0
0
0
0
0
0
0
0
0
0
0
0
0
0
0
0
0
0
0
0
0
0
0
0
0
0
0
0
0
0
0
0
0
0
0
0
0
0
0
0
0
0
0
0
0
0
0
0
0
0
0
0
0
0
0
0
0
0
0
0
0
0
0
0
0
0
0
0
0
0
0
0
0
0
0
0
0
0
0
0
0
0
0
0
0
0
0
0
0
0
0
0
0
0
0
0
0
0
Torque Data
-3490
-3454.58505
-3413.475294
-3361.00855
-3285.47886
-3067.342592
-2657.22444
-2221.761613
-1792.54746
-1386.86272
-1030.836378
-728.513688
-478.226048
-280.611532
-240.285048
-203.134322
-168.858207
-137.83105
-110.3132742
-85.6046896
-63.98358813
-45.4453215
-30.15804154
-18.02836965
-8.91535702
-2.96956572
-2.437103
-1.96712667
-1.5301778
-1.136291142
-0.8096341195
-0.5325026625
-0.3162128892
-0.158604469
-0.0533228677
0.000139543872
-0.00128263506
-0.0550839069
-0.1671579164
-0.3315507246
-0.563384093
-0.844097272
-1.178954748
-1.59992382
-2.04433471
-2.53481352
-8.12098903
-16.85350026
-28.718274
-43.63372224
-61.78960116
-82.9731334
-107.307733
-134.8343614
-165.298805
-199.14026
-236.142305
-275.728915
-472.27825
-721.178473
-1021.638596
-1373.632906
-1774.348204
-2202.446484
-2637.230235
-3047.498752
-3277.4205
-3355.945053
-3410.110088
-3455.93808
-3496.205916
-3455.270325
-3406.856508
-3351.573052
-3271.844098
-3044.890618
-2634.997365
-2201.877244
-1776.26735
-1372.61893
-1020.273449
-720.213102
-472.202946
-276.380236
-236.623632
-199.99584
-166.38408
-135.7558881
-108.2131167
-83.7491472
-62.5152022
-44.38905799
-29.37698786
-17.41193832
-8.56054017
-2.80279116
-2.28213729
-1.80715847
-1.377364164
-1.017638902
-0.7089488978
-0.454227165
-0.2538247532
-0.114115522
-0.028949844
0.0000240596448
-0.0259437816
-0.104280614
-0.2373505266
-0.426392884
-0.666451044
-0.976546626
-1.344276755
-1.75061467
-2.2178927
-2.72997333
-8.38665277
-17.1845681
-29.10373713
-44.02469478
-62.1939556
-83.4375866
-107.807973
-135.1957162
-165.76983
-199.259302
-235.970006
-275.78271
-471.293837
-718.918084
-1017.651724
-1368.101995
-1766.379499
-2190.134016
-2621.524608
-3024.83393
-3243.010227
-3318.558155
-3370.297176
-3412.305324
-3444.579125
dMdH Data
1.15627822944883E-05
2.90012406947904E-05
4.2429022082018E-05
8.34403080872936E-05
3.32040090526995E-04
7.81270252754374E-04
9.8783257624919E-04
1.11401656650966E-03
1.22182526794414E-03
1.25300617484563E-03
1.25422352176738E-03
1.25446863828404E-03
1.2504873294347E-03
1.26270053475936E-03
1.25483655770514E-03
0.001252
1.25333333333333E-03
1.25216811207472E-03
1.25049966688874E-03
1.25291880712523E-03
1.25116651113185E-03
1.24956672443674E-03
1.25250166777852E-03
1.24973340442549E-03
1.24925024991669E-03
1.25409836065574E-03
1.2513770655984E-03
1.25074925074925E-03
1.25150300601202E-03
1.25018797934734E-03
1.24215871751469E-03
1.25013754814185E-03
1.26181141938078E-03
1.24183169551554E-03
1.24526040118797E-03
1.25005263273977E-03
1.25035063113604E-03
1.24004386183522E-03
1.25954734781954E-03
1.24058650441375E-03
1.25388082123185E-03
0.0012385
1.24937531234383E-03
1.24625374625375E-03
1.24787606196901E-03
1.24688976116027E-03
1.24636908727515E-03
1.2475834944337E-03
1.24596827935493E-03
1.24636715104653E-03
1.24383415544594E-03
1.24466666666667E-03
1.24533333333333E-03
1.24616410940627E-03
1.24317121918721E-03
1.24549699799866E-03
0.001242
1.24188311688312E-03
1.24236517218973E-03
1.23890784982935E-03
1.23260728218466E-03
1.20331815224463E-03
1.11089430894309E-03
9.86818551668022E-04
7.91598827743405E-04
3.53555120678407E-04
9.32896890343705E-05
4.9415252841376E-05
3.88592394929966E-05
3.25244354566893E-05
1.59712517468539E-05
2.92243121405264E-05
4.30327868852464E-05
8.52875040154173E-05
3.40659340659342E-04
7.8391959798995E-04
9.84580425255639E-04
1.10910862152947E-03
1.21507472384665E-03
1.24382716049383E-03
0.001246791226645
1.24723846653671E-03
1.24549147034931E-03
1.2561872909699E-03
1.24666666666667E-03
1.24533333333334E-03
1.24683122081387E-03
1.24466666666667E-03
1.24450366422385E-03
1.24616410940627E-03
1.24435112977405E-03
1.24509803921569E-03
1.24450073323557E-03
1.24446666666667E-03
1.2427857380873E-03
1.24961636828645E-03
1.23771313941825E-03
1.24712356178089E-03
0.0012405
1.25062606430933E-03
1.24381219060953E-03
1.23841390331602E-03
1.24256533493542E-03
1.23935293823955E-03
1.23743376714851E-03
1.25441134104768E-03
1.23908264215049E-03
1.24317418966986E-03
1.24863538484651E-03
1.23514727908138E-03
1.24187906046977E-03
1.24837255883826E-03
1.22931206380857E-03
1.24148296593186E-03
1.24949899799599E-03
1.24165447532917E-03
1.24223643875783E-03
1.24120234604106E-03
1.24098152963926E-03
1.23983468870817E-03
1.24066666666667E-03
0.00124
0.00124
1.2398401065956E-03
1.23882588392262E-03
0.001238
1.23866666666667E-03
1.23535140399286E-03
1.23745330518109E-03
1.23472041612484E-03
1.22899398667317E-03
1.19941444372154E-03
1.10144691920013E-03
9.79654947916667E-04
7.79749308155624E-04
3.39204174820614E-04
8.92272429600538E-05
4.8788528102849E-05
3.80380380380383E-05
3.18158740903716E-05
3.18158740903716E-05
dMdT Data
0
0
0
0
0
0
0
0
0
0
0
0
0
0
0
0
0
0
0
0
0
0
0
0
0
0
0
0
0
0
0
0
0
0
0
0
0
0
0
0
0
0
0
0
0
0
0
0
0
0
0
0
0
0
0
0
0
0
0
0
0
0
0
0
0
0
0
0
0
0
0
0
0
0
0
0
0
0
0
0
0
0
0
0
0
0
0
0
0
0
0
0
0
0
0
0
0
0
0
0
0
0
0
0
0
0
0
0
0
0
0
0
0
0
0
0
0
0
0
0
0
0
0
0
0
0
0
0
0
0
0
0
0
0
0
0
0
0
0
0
0
 
*********************************************** Results ***************************************
 
TotalArea 868.002158024891
AreaFirstQuad 704.29544143349
AreaSecondQuad 6.47913926161245E-02
AreaThirdQuad 163.641925198797
AreaFourthQuad 0
Coercivity 3.0459826493279
PositiveCoercivity -4.80942054623955
NegativeCoercivity -10.9013858448953
Retentivity 3.83770673818925E-03
PositiveRetentivity 1.36267528607131E-02
NegativeRetentivity 5.95133938433463E-03
Magnetization 8.4155
PositiveMagnetization 8.4405
NegativeMagnetization -8.3905
Flatness -1.80677441978066
Squareness 4.56028368865695E-04
SStar -7.89678618127992E-03
SFD1 0.49605160690936
SFD2 4547.43233782253
Slope 0
Intercept 0
SlopeAtHc 1.25005263273977E-03
dH1 1.53501806151076
dH2 13851.4
InitialSlope 1.15627822944883E-05
FieldAtHalfMs 0
FieldAtMs 10000
MomentMean 6.91626127659574E-02
MomentRMS 4.32022053665152
SFD3 1.00789678618128
dH3 3.07003612302153
UserField1 0
UserField2 0
CenterField 0
ExchangeField 0
ExchangeMoment 0
ExRegionOneIntercept 0
ExRegionOneSlope 0
ExRegionTwoIntercept 0
ExRegionTwoSlope 0
NegativeIntercept 0
NegativeSlope 0
AutoCenterOffset 0
PinningField 0
PinningMoment 0
PinRegionOneIntercept 0
PinRegionOneSlope 0
PinRegionTwoIntercept 0
PinRegionTwoSlope 0
PositiveIntercept 0
PositiveSlope 0
TotalOffset 0
BHMax 0
BCoercivity 0
BRetentivity 0
BNegativeCoercivity 0
BPositiveCoercivity 0
BNegativeRetentivity 0
BPositiveRetentivity 0
MomentYMean -2.73189231205675E-03
MomentYRMS 0.221499301280765
YOffCorrection 0
Mrt 0
Ms1 0
Ms2 0
Ms3 0
Hc2 0
Hex2 0
HsatValue 0
HsatIntercept 0
HsatSlope 0
CenterH 0
