Version 1.2
******************************************** Units *******************************************
System CGS
TemperatureUnit K
MomentUnit emu
AppliedFieldUnit G
 
******************************************** Setup ********************************************
 
Experiment CustomField
Minor False
Acquisition Continuous
EditedPoint No
MaxField 10000
FieldIncrement 294.117647058824
Points 137
MinField 0
RampRate 29.4117647058824
AverageTime 10
TimeInterval 0
TimeConstant 0.1
TimeConstantIndex 0
Sensitivity 10
SensitivityIndex 2
SensitivityY 10
SensitivityIndexY 2
SaturationField 8000
ExperimentTime 1370
Use735Domains False
AutoRangeEnabled False
NumberOfVertices 7
VertexPts
0
24
44
68
92
112
136
VertexField
10000
200
-200
-10000
-200
200
10000
StartAngle 0
EndAngle 0
AngleIncrement 0
StartTemp 0
FinishTemp 0
TempIncrement 0
TempPoints 0
LengthofSetPointsArray 137
SetPointArray
10000
9591.66666666667
9183.33333333333
8775
8366.66666666666
7958.33333333333
7550
7141.66666666667
6733.33333333333
6325
5916.66666666667
5508.33333333333
5100
4691.66666666667
4283.33333333333
3875
3466.66666666667
3058.33333333333
2650
2241.66666666667
1833.33333333333
1425
1016.66666666667
608.333333333333
200
180
160
140
120
100
80
60
40
20
0
-20
-40
-60
-80
-100
-120
-140
-160
-180
-200
-608.333333333333
-1016.66666666667
-1425
-1833.33333333333
-2241.66666666667
-2650
-3058.33333333333
-3466.66666666667
-3875
-4283.33333333333
-4691.66666666667
-5100
-5508.33333333333
-5916.66666666667
-6325
-6733.33333333333
-7141.66666666667
-7550
-7958.33333333333
-8366.66666666666
-8775
-9183.33333333333
-9591.66666666667
-10000
-9591.66666666667
-9183.33333333333
-8775
-8366.66666666666
-7958.33333333333
-7550
-7141.66666666667
-6733.33333333333
-6325
-5916.66666666667
-5508.33333333333
-5100
-4691.66666666667
-4283.33333333333
-3875
-3466.66666666667
-3058.33333333333
-2650
-2241.66666666667
-1833.33333333333
-1425
-1016.66666666667
-608.333333333333
-200
-180
-160
-140
-120
-100
-80
-60
-40
-20
0
20
40
60
80
100
120
140
160
180
200
608.333333333333
1016.66666666667
1425
1833.33333333333
2241.66666666667
2650
3058.33333333333
3466.66666666667
3875
4283.33333333333
4691.66666666667
5100
5508.33333333333
5916.66666666667
6325
6733.33333333333
7141.66666666667
7550
7958.33333333333
8366.66666666666
8775
9183.33333333333
9591.66666666667
10000
FieldDomainFile C:\IDEASVSM\students\Experiments\Loop to 10000 (25 min)\fdomain.ini
TempDomainFile C:\IDEASVSM\students\Experiments\Loop to 10000 (25 min)\tdomain.ini
NumSelectedResults 2
ResultsSelected 1006,  1008
UserName1 
UserValue1 
UserName2 
UserValue2 
LinearBackgroundCorrection Off
MaxLinearFieldCorrection 
MinLinearFieldCorrection 
AutoLinearCorrection Off
FitOneRegion Off
BackgroundMode Off
BackgroundFilename 
AutoCenter Off
OffsetCorrection 
SmoothDeriv Off
DerivOrder 0
DerivPoints 0
MinExFieldOne 
MaxExFieldOne 
MinExFieldTwo 
MaxExFieldTwo 
MinPinFieldOne 
MaxPinFieldOne 
MinPinFieldTwo 
MaxPinFieldTwo 
HCenterStart 
Mass 
Volume 
Density 
MolarWeight 
NumberOfMoles 
Demagnetization 
SampleArea 
Thickness 
MomentScaling 0
XAxis 0
YAxis 0
SimpleSpinValve False
HsatMax 0
HsatMin 0
FieldAutoRange True
 
*************************************************** Experiment Data ********************************************
 
DataPoints 137
MomentX Data
8.5734
8.5655
8.5529
8.5372
8.5165
8.4829
8.4048
8.2131
7.8993
7.519
7.1001
6.6486
6.1634
5.6565
5.1433
4.6279
4.1127
3.597
3.0815
2.5663
2.0519
1.538
1.0238
0.5112
0.26082
0.25131
0.22606
0.2006
0.17528
0.14996
0.12454
0.099149
0.073513
0.048152
0.022869
-0.0024549
-0.027995
-0.053284
-0.078755
-0.10418
-0.12942
-0.15482
-0.18028
-0.2055
-0.2308
-0.43743
-0.94726
-1.4641
-1.9808
-2.4969
-3.0129
-3.5281
-4.043
-4.5563
-5.0687
-5.5782
-6.0803
-6.5648
-7.0189
-7.4387
-7.8191
-8.134
-8.3272
-8.4064
-8.4407
-8.463
-8.4803
-8.4949
-8.5078
-8.5129
-8.5062
-8.4934
-8.4782
-8.4579
-8.4258
-8.3536
-8.1707
-7.8619
-7.4836
-7.065
-6.6126
-6.1272
-5.6197
-5.1053
-4.5882
-4.0707
-3.554
-3.0373
-2.5205
-2.0042
-1.4878
-0.97184
-0.46128
-0.24714
-0.22316
-0.19778
-0.17258
-0.14725
-0.12203
-0.096836
-0.071517
-0.046259
-0.020994
0.0041769
0.029338
0.054653
0.079925
0.10516
0.13033
0.15542
0.18061
0.20576
0.23102
0.42982
0.91651
1.4102
1.9035
2.3965
2.8893
3.3812
3.8729
4.3639
4.854
5.3422
5.8257
6.2985
6.7479
7.167
7.5541
7.8999
8.167
8.3134
8.3715
8.4005
8.4205
8.4363
8.4498
MomentY Data
-0.3627
-0.37532
-0.38959
-0.40474
-0.42063
-0.43657
-0.44848
-0.44699
-0.43329
-0.41455
-0.39317
-0.36927
-0.3424
-0.31422
-0.286
-0.25781
-0.22953
-0.20124
-0.1729
-0.1445
-0.11609
-0.087569
-0.059052
-0.03056
-0.016648
-0.016067
-0.014591
-0.01316
-0.011707
-0.010283
-0.0088761
-0.0074277
-0.0060203
-0.0046032
-0.003226
-0.0017772
-0.00030882
0.0011171
0.0025415
0.0039314
0.0053284
0.006729
0.0081551
0.0095479
0.010971
0.022515
0.050923
0.079624
0.10834
0.137
0.1656
0.19414
0.22261
0.25101
0.27929
0.30736
0.3352
0.36198
0.38628
0.40786
0.42646
0.44001
0.44152
0.42968
0.41382
0.39816
0.38343
0.36968
0.3567
0.35285
0.36467
0.37884
0.39396
0.40988
0.42589
0.43844
0.43806
0.42501
0.40656
0.38536
0.36179
0.33518
0.30723
0.27916
0.25106
0.22293
0.1948
0.16655
0.13823
0.1099
0.081509
0.05307
0.024844
0.013061
0.011804
0.010391
0.0089136
0.007521
0.0062004
0.0048052
0.0035067
0.0020318
0.0005956
-0.00078921
-0.0021579
-0.0035298
-0.0049062
-0.0062916
-0.0077175
-0.0090632
-0.010409
-0.011803
-0.013176
-0.024145
-0.051156
-0.07846
-0.10576
-0.13292
-0.16009
-0.18712
-0.21417
-0.24115
-0.26808
-0.29487
-0.3215
-0.34762
-0.37202
-0.39385
-0.41331
-0.4297
-0.43972
-0.43672
-0.42364
-0.40855
-0.39392
-0.38006
-0.36711
Field Data
9732.7
9333.9
8913
8495.5
8081.6
7671
7263.1
6857.1
6452.6
6048.5
5644
5239.7
4835.9
4432.9
4029.7
3625.6
3221.4
2817.1
2412.5
2007
1602.9
1198.9
794.89
392.07
200.35
192.88
173.15
153.07
133.05
113.1
93.104
73.116
53.085
33.088
13.075
-6.933
-26.907
-46.932
-66.953
-86.919
-106.93
-126.94
-146.94
-166.95
-186.95
-354.56
-757.45
-1165.4
-1573.5
-1981.3
-2389.3
-2797.2
-3205.3
-3612.8
-4020.4
-4427.6
-4834.6
-5241.6
-5648.5
-6055.1
-6460.7
-6865.8
-7270.2
-7673.6
-8074.3
-8473.2
-8870
-9264.6
-9657.2
-9763.7
-9384.2
-8960.3
-8539.1
-8121.6
-7706.4
-7294.3
-6884.2
-6475.5
-6067.6
-5659.7
-5251.6
-4843.9
-4436.1
-4028.4
-3620
-3211.3
-2803.4
-2395.1
-1986.7
-1578.6
-1170.3
-762.32
-358.86
-194.19
-175.17
-155.12
-135.14
-115.08
-95.131
-75.122
-55.162
-35.127
-15.129
4.9114
24.894
44.87
64.918
84.874
104.96
124.9
144.91
164.86
184.9
346.84
733.67
1125.5
1517.2
1908.9
2301.6
2693.8
3085.4
3476.8
3868.4
4259.1
4649.4
5039.8
5431.1
5822.2
6212.5
6602.3
6990.8
7378.8
7765.7
8151
8534.7
8916.4
9296.4
Time Data
0
9.9
19.8
29.7
39.6
49.5
59.4
69.3
79.2
89.1
99
108.9
118.8
128.7
138.6
148.5
158.4
168.3
178.2
188.1
198
207.9
217.8
227.7
237.6
250
260
270
280
290
300
310
320
330
340
350
360
370
380
390
400
410
420
430
440
450
460
470
480
490
500
510
520
530
540
550
560
570
580
590
600
610
620
630
640
650
660
670
680
690
700
710
720
730
740
750
760
770
780
790
800
810
820
830
840
850
860
870
880
890
900
910
920
930
940
950
960
970
980
990
1000
1010
1020
1030
1040
1050
1060
1070
1080
1090
1100
1110
1120
1130
1140
1150
1160
1170
1180
1190
1200
1210
1220
1230
1240
1250
1260
1270
1280
1290
1300
1310
1320
1330
1340
1350
1360
Temperature Data
0
0
0
0
0
0
0
0
0
0
0
0
0
0
0
0
0
0
0
0
0
0
0
0
0
0
0
0
0
0
0
0
0
0
0
0
0
0
0
0
0
0
0
0
0
0
0
0
0
0
0
0
0
0
0
0
0
0
0
0
0
0
0
0
0
0
0
0
0
0
0
0
0
0
0
0
0
0
0
0
0
0
0
0
0
0
0
0
0
0
0
0
0
0
0
0
0
0
0
0
0
0
0
0
0
0
0
0
0
0
0
0
0
0
0
0
0
0
0
0
0
0
0
0
0
0
0
0
0
0
0
0
0
0
0
0
0
Angle Data
0
0
0
0
0
0
0
0
0
0
0
0
0
0
0
0
0
0
0
0
0
0
0
0
0
0
0
0
0
0
0
0
0
0
0
0
0
0
0
0
0
0
0
0
0
0
0
0
0
0
0
0
0
0
0
0
0
0
0
0
0
0
0
0
0
0
0
0
0
0
0
0
0
0
0
0
0
0
0
0
0
0
0
0
0
0
0
0
0
0
0
0
0
0
0
0
0
0
0
0
0
0
0
0
0
0
0
0
0
0
0
0
0
0
0
0
0
0
0
0
0
0
0
0
0
0
0
0
0
0
0
0
0
0
0
0
0
Bx Data
0
0
0
0
0
0
0
0
0
0
0
0
0
0
0
0
0
0
0
0
0
0
0
0
0
0
0
0
0
0
0
0
0
0
0
0
0
0
0
0
0
0
0
0
0
0
0
0
0
0
0
0
0
0
0
0
0
0
0
0
0
0
0
0
0
0
0
0
0
0
0
0
0
0
0
0
0
0
0
0
0
0
0
0
0
0
0
0
0
0
0
0
0
0
0
0
0
0
0
0
0
0
0
0
0
0
0
0
0
0
0
0
0
0
0
0
0
0
0
0
0
0
0
0
0
0
0
0
0
0
0
0
0
0
0
0
0
Hint Data
0
0
0
0
0
0
0
0
0
0
0
0
0
0
0
0
0
0
0
0
0
0
0
0
0
0
0
0
0
0
0
0
0
0
0
0
0
0
0
0
0
0
0
0
0
0
0
0
0
0
0
0
0
0
0
0
0
0
0
0
0
0
0
0
0
0
0
0
0
0
0
0
0
0
0
0
0
0
0
0
0
0
0
0
0
0
0
0
0
0
0
0
0
0
0
0
0
0
0
0
0
0
0
0
0
0
0
0
0
0
0
0
0
0
0
0
0
0
0
0
0
0
0
0
0
0
0
0
0
0
0
0
0
0
0
0
0
Torque Data
-3530.05029
-3503.199348
-3472.41567
-3438.46867
-3399.363408
-3348.92847
-3257.355088
-3065.055129
-2795.847054
-2507.405675
-2219.05148
-1934.864019
-1655.81216
-1392.905838
-1152.4942
-934.715936
-739.407942
-566.913204
-417.12125
-290.0115
-186.080661
-104.9864741
-46.93984428
-11.9816592
-3.3354268
-3.09900296
-2.52643165
-2.0144012
-1.55761635
-1.1630073
-0.8264004144
-0.5430837132
-0.3195876255
-0.1523106816
-0.04217995
0.0123213276
0.00830941974
-0.0524277372
-0.1701610495
-0.3417133566
-0.569765812
-0.85417926
-1.198310394
-1.594021905
-2.05102845
-7.9829184
-38.57162635
-92.7938096
-170.47299
-271.4381
-395.66808
-543.048408
-713.531833
-906.848928
-1122.857516
-1360.867136
-1620.55792
-1897.354368
-2181.90258
-2469.633086
-2755.230122
-3021.020658
-3209.938704
-3297.192448
-3341.306826
-3373.689312
-3401.0241
-3424.937328
-3444.72324
-3445.121545
-3422.136214
-3394.520052
-3364.063836
-3328.881408
-3282.078696
-3198.112892
-3015.692652
-2752.152255
-2466.843456
-2181.021992
-1899.976364
-1623.578402
-1362.903003
-1124.568144
-908.8372
-715.895109
-546.10232
-398.903905
-274.621541
-173.48814
-95.3899827
-40.4563224
-8.91551784
-2.53631559
-2.06770668
-1.61185192
-1.204583904
-0.86551668
-0.5898502524
-0.3609762344
-0.1934365854
-0.0713710386
-0.0090108324
-0.003876125994
-0.0537187626
-0.158382126
-0.3185006916
-0.5339932584
-0.8100288
-1.13199368
-1.50836819
-1.94584258
-2.4362424
-8.3744518
-37.53162252
-88.30673
-160.459072
-253.730988
-368.463144
-504.063856
-660.800118
-838.43032
-1037.040672
-1255.880817
-1494.7821
-1751.935276
-2020.477822
-2293.07347
-2567.688375
-2837.00831
-3073.994576
-3222.469536
-3289.861148
-3330.09105
-3361.989024
-3388.766984
-3412.801404
dMdH Data
1.98094282848529E-05
2.993585174626E-05
3.76047904191591E-05
5.00120802126111E-05
8.18314661471014E-05
1.91468497180684E-04
4.72167487684727E-04
7.75772558714464E-04
9.41103687206137E-04
1.03559950556242E-03
1.11674499134306E-03
1.20158494304111E-03
1.25781637717122E-03
1.27281746031746E-03
1.27542687453601E-03
1.27461652647204E-03
1.27553796685629E-03
1.2740978744439E-03
1.27053020961776E-03
1.27295223954467E-03
1.2720297029703E-03
1.27274077374322E-03
1.27252867285636E-03
1.30596703525975E-03
1.27309236947791E-03
1.27977698935631E-03
1.26792828685259E-03
1.26473526473527E-03
1.26917293233083E-03
1.27125425085017E-03
1.27031218731239E-03
1.27981628475862E-03
1.26824023603541E-03
1.26332883625643E-03
1.2656887245102E-03
1.27866726744768E-03
1.26287141073658E-03
1.27221417511613E-03
1.27341480516879E-03
1.26130628154515E-03
1.26936531734133E-03
0.001273
1.26036981509245E-03
0.001265
1.2328023387626E-03
1.26543225197945E-03
1.26691996568207E-03
1.26611124724332E-03
1.26557135850907E-03
1.26470588235294E-03
1.26305467026232E-03
1.26170056358736E-03
1.25963190184049E-03
1.25711481844946E-03
1.2512278978389E-03
1.23366093366093E-03
1.19041769041769E-03
1.11599901695749E-03
1.03246433841613E-03
9.37869822485208E-04
7.77338928659591E-04
4.7774480712166E-04
1.96331184928111E-04
8.56001996506115E-05
5.59037352719968E-05
4.35987903225821E-05
3.69994931576272E-05
3.28578706062153E-05
4.78873239436671E-05
1.76548089591578E-05
3.01958008964386E-05
3.60873694207031E-05
4.86227544910153E-05
7.73121387283231E-05
1.7520019412764E-04
4.45988783223604E-04
7.5556643014436E-04
9.27433194410396E-04
1.02623191958813E-03
1.10855182553296E-03
1.1905813097866E-03
1.24448258950466E-03
0.001261712043169
1.26616062683643E-03
1.26620993393687E-03
1.2667320421672E-03
1.26549106049473E-03
1.26542605288932E-03
1.26513109531977E-03
1.26475630663728E-03
1.2646698367567E-03
1.26545382441878E-03
1.3004190198579E-03
1.26077812828601E-03
1.26583541147132E-03
1.26126126126126E-03
1.26271186440678E-03
1.26422377061507E-03
1.25913338997451E-03
1.2684869739479E-03
1.26069378587472E-03
1.26337633763376E-03
1.25600786411449E-03
1.25915046090098E-03
1.26727072486984E-03
1.26057462090982E-03
1.26453197033474E-03
1.25311162003385E-03
1.25827482447342E-03
1.25887056471764E-03
1.26065162907268E-03
1.26047904191617E-03
1.22761516611091E-03
1.2581495747486E-03
1.25995967639027E-03
1.25938218023998E-03
1.25861628797549E-03
1.25490196078431E-03
1.2542070372259E-03
1.25561797752809E-03
1.25447112927951E-03
1.25153217568948E-03
1.24955208599949E-03
1.23879067384064E-03
1.21106557377049E-03
1.14847942754919E-03
1.07159294298134E-03
9.91801178580579E-04
8.87121600820933E-04
6.87516087516088E-04
3.77319587628866E-04
1.50168002067717E-04
7.5266026472878E-05
5.2124055251502E-05
4.13937647367009E-05
3.5526315789475E-05
3.5526315789475E-05
dMdT Data
0
0
0
0
0
0
0
0
0
0
0
0
0
0
0
0
0
0
0
0
0
0
0
0
0
0
0
0
0
0
0
0
0
0
0
0
0
0
0
0
0
0
0
0
0
0
0
0
0
0
0
0
0
0
0
0
0
0
0
0
0
0
0
0
0
0
0
0
0
0
0
0
0
0
0
0
0
0
0
0
0
0
0
0
0
0
0
0
0
0
0
0
0
0
0
0
0
0
0
0
0
0
0
0
0
0
0
0
0
0
0
0
0
0
0
0
0
0
0
0
0
0
0
0
0
0
0
0
0
0
0
0
0
0
0
0
0
 
*********************************************** Results ***************************************
 
TotalArea 1037.07485059815
AreaFirstQuad 835.098919920447
AreaSecondQuad 1.57795179488105E-02
AreaThirdQuad 201.958571753096
AreaFourthQuad 1.57940667278623E-03
Coercivity 3.28964354058935
PositiveCoercivity 1.5858634971336
NegativeCoercivity -4.99342358404511
Retentivity 4.15598847542054E-03
PositiveRetentivity 6.32011992702919E-03
NegativeRetentivity -1.9918570238119E-03
Magnetization 8.54315
PositiveMagnetization 8.5734
NegativeMagnetization -8.5129
Flatness 0.23065922987928
Squareness 4.86470268626975E-04
SStar 1.84363104286934E-03
SFD1 0.500921815521435
SFD2 4198.08402630938
Slope 0
Intercept 0
SlopeAtHc 1.2656887245102E-03
dH1 1.64178932581897
dH2 13810.2
InitialSlope 1.98094282848529E-05
FieldAtHalfMs 0
FieldAtMs 9732.7
MomentMean -1.50734963503654E-02
MomentRMS 5.24947058653902
SFD3 0.998156368957131
dH3 3.28357865163795
UserField1 0
UserField2 0
CenterField 0
ExchangeField 0
ExchangeMoment 0
ExRegionOneIntercept 0
ExRegionOneSlope 0
ExRegionTwoIntercept 0
ExRegionTwoSlope 0
NegativeIntercept 0
NegativeSlope 0
AutoCenterOffset 0
PinningField 0
PinningMoment 0
PinRegionOneIntercept 0
PinRegionOneSlope 0
PinRegionTwoIntercept 0
PinRegionTwoSlope 0
PositiveIntercept 0
PositiveSlope 0
TotalOffset 0
BHMax 0
BCoercivity 0
BRetentivity 0
BNegativeCoercivity 0
BPositiveCoercivity 0
BNegativeRetentivity 0
BPositiveRetentivity 0
MomentYMean -1.27908051094893E-03
MomentYRMS 0.26853973352206
YOffCorrection 0
Mrt 0
Ms1 0
Ms2 0
Ms3 0
Hc2 0
Hex2 0
HsatValue 0
HsatIntercept 0
HsatSlope 0
CenterH 0
