Version 1.2
******************************************** Units *******************************************
System CGS
TemperatureUnit K
MomentUnit emu
AppliedFieldUnit G
 
******************************************** Setup ********************************************
 
Experiment CustomField
Minor False
Acquisition Continuous
EditedPoint No
MaxField 10000
FieldIncrement 294.117647058824
Points 137
MinField 0
RampRate 29.4117647058824
AverageTime 10
TimeInterval 0
TimeConstant 0.1
TimeConstantIndex 0
Sensitivity 10
SensitivityIndex 2
SensitivityY 10
SensitivityIndexY 2
SaturationField 8000
ExperimentTime 1370
Use735Domains False
AutoRangeEnabled False
NumberOfVertices 7
VertexPts
0
24
44
68
92
112
136
VertexField
10000
200
-200
-10000
-200
200
10000
StartAngle 0
EndAngle 0
AngleIncrement 0
StartTemp 0
FinishTemp 0
TempIncrement 0
TempPoints 0
LengthofSetPointsArray 137
SetPointArray
10000
9591.66666666667
9183.33333333333
8775
8366.66666666666
7958.33333333333
7550
7141.66666666667
6733.33333333333
6325
5916.66666666667
5508.33333333333
5100
4691.66666666667
4283.33333333333
3875
3466.66666666667
3058.33333333333
2650
2241.66666666667
1833.33333333333
1425
1016.66666666667
608.333333333333
200
180
160
140
120
100
80
60
40
20
0
-20
-40
-60
-80
-100
-120
-140
-160
-180
-200
-608.333333333333
-1016.66666666667
-1425
-1833.33333333333
-2241.66666666667
-2650
-3058.33333333333
-3466.66666666667
-3875
-4283.33333333333
-4691.66666666667
-5100
-5508.33333333333
-5916.66666666667
-6325
-6733.33333333333
-7141.66666666667
-7550
-7958.33333333333
-8366.66666666666
-8775
-9183.33333333333
-9591.66666666667
-10000
-9591.66666666667
-9183.33333333333
-8775
-8366.66666666666
-7958.33333333333
-7550
-7141.66666666667
-6733.33333333333
-6325
-5916.66666666667
-5508.33333333333
-5100
-4691.66666666667
-4283.33333333333
-3875
-3466.66666666667
-3058.33333333333
-2650
-2241.66666666667
-1833.33333333333
-1425
-1016.66666666667
-608.333333333333
-200
-180
-160
-140
-120
-100
-80
-60
-40
-20
0
20
40
60
80
100
120
140
160
180
200
608.333333333333
1016.66666666667
1425
1833.33333333333
2241.66666666667
2650
3058.33333333333
3466.66666666667
3875
4283.33333333333
4691.66666666667
5100
5508.33333333333
5916.66666666667
6325
6733.33333333333
7141.66666666667
7550
7958.33333333333
8366.66666666666
8775
9183.33333333333
9591.66666666667
10000
FieldDomainFile C:\IDEASVSM\students\Experiments\Loop to 10000 (25 min)\fdomain.ini
TempDomainFile C:\IDEASVSM\students\Experiments\Loop to 10000 (25 min)\tdomain.ini
NumSelectedResults 2
ResultsSelected 1006,  1008
UserName1 
UserValue1 
UserName2 
UserValue2 
LinearBackgroundCorrection Off
MaxLinearFieldCorrection 
MinLinearFieldCorrection 
AutoLinearCorrection Off
FitOneRegion Off
BackgroundMode Off
BackgroundFilename 
AutoCenter Off
OffsetCorrection 
SmoothDeriv Off
DerivOrder 0
DerivPoints 0
MinExFieldOne 
MaxExFieldOne 
MinExFieldTwo 
MaxExFieldTwo 
MinPinFieldOne 
MaxPinFieldOne 
MinPinFieldTwo 
MaxPinFieldTwo 
HCenterStart 
Mass 
Volume 
Density 
MolarWeight 
NumberOfMoles 
Demagnetization 
SampleArea 
Thickness 
MomentScaling 0
XAxis 0
YAxis 0
SimpleSpinValve False
HsatMax 0
HsatMin 0
FieldAutoRange True
 
*************************************************** Experiment Data ********************************************
 
DataPoints 137
MomentX Data
4.2111
4.1331
4.0434
3.9483
3.8475
3.7412
3.629
3.5104
3.3852
3.253
3.1135
2.9661
2.8101
2.6458
2.4724
2.2895
2.0966
1.8933
1.6786
1.4514
1.2104
0.95295
0.67471
0.3699
0.2046
0.19826
0.18154
0.16466
0.14767
0.13067
0.11367
0.096737
0.079727
0.062712
0.045646
0.028685
0.011683
-0.0052555
-0.022192
-0.039161
-0.056112
-0.073016
-0.089854
-0.10667
-0.12353
-0.25635
-0.57693
-0.87586
-1.1477
-1.3979
-1.631
-1.8499
-2.0566
-2.2518
-2.4366
-2.6114
-2.777
-2.9338
-3.0821
-3.2229
-3.3558
-3.4818
-3.6003
-3.712
-3.8169
-3.9159
-4.0084
-4.0949
-4.1758
-4.2
-4.1276
-4.0386
-3.9432
-3.8422
-3.7355
-3.6228
-3.5039
-3.3783
-3.2458
-3.1057
-2.9571
-2.8003
-2.6347
-2.4597
-2.2751
-2.0803
-1.8748
-1.6577
-1.4278
-1.1837
-0.92246
-0.63971
-0.33185
-0.19542
-0.17925
-0.16231
-0.14545
-0.12855
-0.11161
-0.094599
-0.077547
-0.060642
-0.043677
-0.026755
-0.0097216
0.0071881
0.024185
0.041105
0.057936
0.074843
0.091779
0.1085
0.12538
0.25508
0.56337
0.85162
1.1147
1.3571
1.5834
1.7959
1.9969
2.1874
2.3678
2.5392
2.7017
2.8559
3.0023
3.1411
3.2732
3.3984
3.5166
3.6283
3.7337
3.8331
3.9268
4.0149
4.0981
MomentY Data
0.0013073
0.0014781
0.0019855
0.0026822
0.0035251
0.0046076
0.0057767
0.007069
0.0085291
0.010076
0.011669
0.013436
0.015345
0.017412
0.019545
0.021667
0.023943
0.026193
0.028158
0.029714
0.030457
0.029741
0.026558
0.019152
0.013345
0.013059
0.012349
0.011673
0.010955
0.010237
0.0094487
0.0086875
0.007971
0.007173
0.0064719
0.005647
0.0049381
0.0042395
0.0034627
0.0027003
0.0019128
0.0011159
0.00037879
-0.00035916
-0.0010504
-0.0065725
-0.017936
-0.024954
-0.027989
-0.028553
-0.02757
-0.025825
-0.023778
-0.021631
-0.019388
-0.017195
-0.015042
-0.013029
-0.011156
-0.0093875
-0.0077218
-0.0062247
-0.004979
-0.0038361
-0.0028028
-0.0018791
-0.00099171
-0.00037272
0.00018119
0.00034353
-0.00009763
-0.0007722
-0.0016149
-0.0025896
-0.0038085
-0.0050547
-0.006431
-0.007939
-0.0095188
-0.011173
-0.012892
-0.014827
-0.016855
-0.018948
-0.021154
-0.023417
-0.025598
-0.027662
-0.029184
-0.029855
-0.028937
-0.025382
-0.017498
-0.012638
-0.011917
-0.011175
-0.010384
-0.0096435
-0.0088976
-0.0081526
-0.0073506
-0.0066282
-0.0059404
-0.0051907
-0.0043935
-0.0036042
-0.0028797
-0.0020813
-0.001338
-0.00056063
0.00019882
0.00087043
0.0016073
0.0070574
0.018063
0.025138
0.028368
0.029103
0.02839
0.026852
0.025004
0.022936
0.020839
0.018747
0.016682
0.014684
0.012844
0.011192
0.0095651
0.0080814
0.0067379
0.0056297
0.0046369
0.0038259
0.0030349
0.0024257
0.0019091
Field Data
9739.7
9341.7
8920.9
8503.3
8089.2
7678.7
7270.5
6864.6
6459.9
6055.8
5651.5
5247
4843.2
4440.2
4037.1
3632.9
3228.7
2824.4
2419.9
2014.3
1610.3
1206.2
802.24
399.03
200.47
192.93
173.22
153.12
133.12
113.18
93.123
73.16
53.126
33.183
13.081
-6.8726
-26.891
-46.907
-66.871
-86.895
-106.9
-126.89
-146.87
-166.89
-186.83
-351.5
-753.81
-1161.8
-1569.8
-1977.8
-2385.7
-2793.5
-3201.5
-3609.4
-4016.9
-4424.2
-4831
-5238.1
-5644.9
-6051.4
-6457.1
-6862.2
-7266.6
-7670
-8070.7
-8469.5
-8866.3
-9261
-9653.4
-9760.1
-9381
-8957.2
-8535.8
-8118.4
-7703.1
-7290.9
-6880.9
-6472.2
-6064.2
-5656.3
-5248.4
-4840.6
-4432.8
-4025.1
-3616.7
-3208
-2800.1
-2391.7
-1983.4
-1575.2
-1167.1
-758.95
-355.93
-193.08
-173.76
-153.78
-133.71
-113.77
-93.733
-73.758
-53.772
-33.725
-13.769
6.2766
26.249
46.267
66.275
86.27
106.29
126.24
146.3
166.24
186.29
347.05
733.89
1125.5
1517.3
1909
2301.9
2693.7
3085.4
3477
3868.4
4259.3
4649.4
5039.9
5431.2
5822.3
6212.6
6602.3
6990.9
7378.8
7765.8
8151
8534.7
8916.4
9296.4
Time Data
0
9.9
19.8
29.7
39.6
49.5
59.4
69.3
79.2
89.1
99
108.9
118.8
128.7
138.6
148.5
158.4
168.3
178.2
188.1
198
207.9
217.8
227.7
237.6
250
260
270
280
290
300
310
320
330
340
350
360
370
380
390
400
410
420
430
440
450
460
470
480
490
500
510
520
530
540
550
560
570
580
590
600
610
620
630
640
650
660
670
680
690
700
710
720
730
740
750
760
770
780
790
800
810
820
830
840
850
860
870
880
890
900
910
920
930
940
950
960
970
980
990
1000
1010
1020
1030
1040
1050
1060
1070
1080
1090
1100
1110
1120
1130
1140
1150
1160
1170
1180
1190
1200
1210
1220
1230
1240
1250
1260
1270
1280
1290
1300
1310
1320
1330
1340
1350
1360
Temperature Data
0
0
0
0
0
0
0
0
0
0
0
0
0
0
0
0
0
0
0
0
0
0
0
0
0
0
0
0
0
0
0
0
0
0
0
0
0
0
0
0
0
0
0
0
0
0
0
0
0
0
0
0
0
0
0
0
0
0
0
0
0
0
0
0
0
0
0
0
0
0
0
0
0
0
0
0
0
0
0
0
0
0
0
0
0
0
0
0
0
0
0
0
0
0
0
0
0
0
0
0
0
0
0
0
0
0
0
0
0
0
0
0
0
0
0
0
0
0
0
0
0
0
0
0
0
0
0
0
0
0
0
0
0
0
0
0
0
Angle Data
0
0
0
0
0
0
0
0
0
0
0
0
0
0
0
0
0
0
0
0
0
0
0
0
0
0
0
0
0
0
0
0
0
0
0
0
0
0
0
0
0
0
0
0
0
0
0
0
0
0
0
0
0
0
0
0
0
0
0
0
0
0
0
0
0
0
0
0
0
0
0
0
0
0
0
0
0
0
0
0
0
0
0
0
0
0
0
0
0
0
0
0
0
0
0
0
0
0
0
0
0
0
0
0
0
0
0
0
0
0
0
0
0
0
0
0
0
0
0
0
0
0
0
0
0
0
0
0
0
0
0
0
0
0
0
0
0
Bx Data
0
0
0
0
0
0
0
0
0
0
0
0
0
0
0
0
0
0
0
0
0
0
0
0
0
0
0
0
0
0
0
0
0
0
0
0
0
0
0
0
0
0
0
0
0
0
0
0
0
0
0
0
0
0
0
0
0
0
0
0
0
0
0
0
0
0
0
0
0
0
0
0
0
0
0
0
0
0
0
0
0
0
0
0
0
0
0
0
0
0
0
0
0
0
0
0
0
0
0
0
0
0
0
0
0
0
0
0
0
0
0
0
0
0
0
0
0
0
0
0
0
0
0
0
0
0
0
0
0
0
0
0
0
0
0
0
0
Hint Data
0
0
0
0
0
0
0
0
0
0
0
0
0
0
0
0
0
0
0
0
0
0
0
0
0
0
0
0
0
0
0
0
0
0
0
0
0
0
0
0
0
0
0
0
0
0
0
0
0
0
0
0
0
0
0
0
0
0
0
0
0
0
0
0
0
0
0
0
0
0
0
0
0
0
0
0
0
0
0
0
0
0
0
0
0
0
0
0
0
0
0
0
0
0
0
0
0
0
0
0
0
0
0
0
0
0
0
0
0
0
0
0
0
0
0
0
0
0
0
0
0
0
0
0
0
0
0
0
0
0
0
0
0
0
0
0
0
Torque Data
12.73270981
13.80796677
17.71244695
22.80755126
28.51523892
35.38037812
41.99949735
48.5258574
55.09713309
61.0182408
65.9473535
70.498692
74.318904
77.3127624
78.9051195
78.7140443
77.3047641
73.9795092
68.1395442
59.8529102
49.0449071
35.8735942
21.30588992
7.64222256
2.67527215
2.51947287
2.13909378
1.78736976
1.4583296
1.15862366
0.8798912901
0.6355775
0.423467346
0.238021659
0.0846589239
-0.0388095722
-0.1327904471
-0.1988622265
-0.2315542117
-0.2346425685
-0.20447832
-0.141596551
-0.0556328873
0.0599402124
0.196246232
2.31023375
13.52033616
28.9915572
43.9371322
56.4721234
65.773749
72.1421375
76.125267
78.0749314
77.8796572
76.074119
72.667902
68.2472049
62.9745044
56.8075175
49.86043478
42.71513634
36.1804014
29.422887
22.62055796
15.91503745
8.792798373
3.45175992
-1.749099546
-3.352887153
0.91586703
6.91674984
13.78446342
21.02340864
29.33725635
36.85331223
44.2510679
51.3827958
57.72390696
63.1978399
67.6623728
71.7715762
74.714844
76.2675948
76.5076718
75.121736
71.6769598
66.1592054
57.8835456
47.027596
33.7723727
19.2636689
6.22806314
2.44014504
2.07069792
1.7184915
1.38844464
1.097140995
0.8339987408
0.6013194708
0.3952564632
0.223536045
0.0817933676
-0.03257994762
-0.1153249815
-0.1667555214
-0.1908521175
-0.179553751
-0.14221602
-0.0707739312
0.029087366
0.1447002832
0.299423917
2.44927067
13.25625507
28.292819
43.0427664
55.557627
65.350941
72.3312324
77.1473416
79.748472
80.6135876
79.8490971
77.5612908
74.0058916
69.7583328
65.1631816
59.42414026
53.35582722
47.10398511
41.54043036
36.00923802
31.1849109
25.90196103
21.62851148
17.74775724
dMdH Data
1.95979899497488E-04
2.13165399239542E-04
2.27729885057471E-04
2.4341946389761E-04
2.58952496954933E-04
2.74865262126409E-04
2.92190194629219E-04
3.09364961700024E-04
3.27146745854987E-04
3.45040811278753E-04
3.64400494437578E-04
3.86329866270431E-04
4.07692307692307E-04
4.301662118581E-04
4.5249876298862E-04
4.77238990598713E-04
5.02844422458571E-04
5.30778739184178E-04
5.60157790927022E-04
5.96534653465347E-04
6.37094778520168E-04
6.88781067432419E-04
7.55958433570596E-04
8.32493956486704E-04
8.4084880636605E-04
8.48300355149669E-04
8.39800995024876E-04
0.0008495
8.52557673019057E-04
8.47584384504164E-04
8.4821920553023E-04
8.49056603773585E-04
8.53181567467282E-04
8.48970251716247E-04
8.50022051158688E-04
8.49318626863286E-04
8.46248001598721E-04
8.48352033660589E-04
8.47433080303636E-04
8.47338165458635E-04
8.45622811405703E-04
8.42742742742743E-04
8.39960039960041E-04
8.45536609829487E-04
8.06582862695087E-04
7.96848201635555E-04
7.32689526704086E-04
6.66274509803922E-04
6.13235294117647E-04
5.71463594018142E-04
5.36782736635606E-04
5.06617647058823E-04
4.78548663888207E-04
4.53496932515338E-04
4.2916768966364E-04
4.07079646017699E-04
3.85163350528126E-04
3.64552605703049E-04
3.46371463714637E-04
3.27581957111165E-04
3.11034312515428E-04
2.93026706231454E-04
2.76896380763511E-04
2.61791864237584E-04
2.48244734202608E-04
2.33114919354839E-04
2.1915378768685E-04
2.06167176350662E-04
2.26804123711343E-04
1.90978633605909E-04
2.10004719207175E-04
2.26388229710487E-04
2.41974125539051E-04
2.56922706477246E-04
2.73410965550704E-04
0.00029
3.07315879618302E-04
3.24754901960784E-04
3.43466535915666E-04
3.64304976709978E-04
3.84502206964199E-04
4.06081412457087E-04
4.29237184204071E-04
4.52007835455436E-04
4.76633227306093E-04
5.03799950968374E-04
5.31586679725759E-04
5.63066372765124E-04
5.97991180793728E-04
6.40137221269297E-04
6.92760014700478E-04
7.63882685722793E-04
8.37764814246239E-04
8.3695652173913E-04
8.47847847847847E-04
8.40059790732437E-04
8.4754262788365E-04
8.45435943504517E-04
8.51614518147684E-04
8.53197238066647E-04
8.43268319449294E-04
8.50120264582081E-04
8.44175280360777E-04
8.52846928761691E-04
8.44724747727045E-04
8.49505197920832E-04
8.46211552888223E-04
8.4070929070929E-04
8.47468671679199E-04
8.44267198404785E-04
8.38565697091274E-04
8.41895261845387E-04
8.06792734511072E-04
7.96944473167201E-04
7.36063941165956E-04
6.71465033180194E-04
6.18840949706408E-04
5.75973530160346E-04
5.42368555385401E-04
5.13147817207045E-04
4.86465781409601E-04
4.60909555442003E-04
4.38475313379381E-04
4.16559856447066E-04
3.94878361075544E-04
3.7413749041656E-04
3.54896445921758E-04
3.38457596720472E-04
3.21272773928663E-04
3.0416881111683E-04
2.87960814642949E-04
2.7235142118863E-04
2.58047767393562E-04
2.44201198853271E-04
2.30809536285041E-04
2.18947368421052E-04
2.18947368421052E-04
dMdT Data
0
0
0
0
0
0
0
0
0
0
0
0
0
0
0
0
0
0
0
0
0
0
0
0
0
0
0
0
0
0
0
0
0
0
0
0
0
0
0
0
0
0
0
0
0
0
0
0
0
0
0
0
0
0
0
0
0
0
0
0
0
0
0
0
0
0
0
0
0
0
0
0
0
0
0
0
0
0
0
0
0
0
0
0
0
0
0
0
0
0
0
0
0
0
0
0
0
0
0
0
0
0
0
0
0
0
0
0
0
0
0
0
0
0
0
0
0
0
0
0
0
0
0
0
0
0
0
0
0
0
0
0
0
0
0
0
0
 
*********************************************** Results ***************************************
 
TotalArea 561.236523349623
AreaFirstQuad 330.143376046045
AreaSecondQuad 0.675678397285964
AreaThirdQuad 229.807435491916
AreaFourthQuad 0.610033414381685
Coercivity 39.2271232548984
PositiveCoercivity 37.7576009095371
NegativeCoercivity -40.6966456002598
Retentivity 3.32902060567528E-02
PositiveRetentivity 3.45268615487932E-02
NegativeRetentivity -3.20535505647125E-02
Magnetization 4.20555
PositiveMagnetization 4.2111
NegativeMagnetization -4.2
Flatness 0.713352660012685
Squareness 7.91577940025747E-03
SStar -2.84166013958518E-03
SFD1 0.500026015967631
SFD2 223.940714258292
Slope 0
Intercept 0
SlopeAtHc 8.46248001598721E-04
dH1 19.6125410958804
dH2 8784.55
InitialSlope 1.95979899497488E-04
FieldAtHalfMs 0
FieldAtMs 9739.7
MomentMean -6.92391240875921E-03
MomentRMS 2.41852996120679
SFD3 1.00145028866444
dH3 39.2840139070934
UserField1 0
UserField2 0
CenterField 0
ExchangeField 0
ExchangeMoment 0
ExRegionOneIntercept 0
ExRegionOneSlope 0
ExRegionTwoIntercept 0
ExRegionTwoSlope 0
NegativeIntercept 0
NegativeSlope 0
AutoCenterOffset 0
PinningField 0
PinningMoment 0
PinRegionOneIntercept 0
PinRegionOneSlope 0
PinRegionTwoIntercept 0
PinRegionTwoSlope 0
PositiveIntercept 0
PositiveSlope 0
TotalOffset 0
BHMax 0
BCoercivity 0
BRetentivity 0
BNegativeCoercivity 0
BPositiveCoercivity 0
BNegativeRetentivity 0
BPositiveRetentivity 0
MomentYMean 5.58629999999999E-04
MomentYRMS 1.51164691464371E-02
YOffCorrection 0
Mrt 0
Ms1 0
Ms2 0
Ms3 0
Hc2 0
Hex2 0
HsatValue 0
HsatIntercept 0
HsatSlope 0
CenterH 0
