Version 1.2
******************************************** Units *******************************************
System CGS
TemperatureUnit K
MomentUnit emu
AppliedFieldUnit G
 
******************************************** Setup ********************************************
 
Experiment CustomField
Minor False
Acquisition Continuous
EditedPoint No
MaxField 10000
FieldIncrement 294.117647058824
Points 137
MinField 0
RampRate 29.4117647058824
AverageTime 10
TimeInterval 0
TimeConstant 0.1
TimeConstantIndex 0
Sensitivity 10
SensitivityIndex 2
SensitivityY 10
SensitivityIndexY 2
SaturationField 8000
ExperimentTime 1370
Use735Domains False
AutoRangeEnabled False
NumberOfVertices 7
VertexPts
0
24
44
68
92
112
136
VertexField
10000
200
-200
-10000
-200
200
10000
StartAngle 0
EndAngle 0
AngleIncrement 0
StartTemp 0
FinishTemp 0
TempIncrement 0
TempPoints 0
LengthofSetPointsArray 137
SetPointArray
10000
9591.66666666667
9183.33333333333
8775
8366.66666666666
7958.33333333333
7550
7141.66666666667
6733.33333333333
6325
5916.66666666667
5508.33333333333
5100
4691.66666666667
4283.33333333333
3875
3466.66666666667
3058.33333333333
2650
2241.66666666667
1833.33333333333
1425
1016.66666666667
608.333333333333
200
180
160
140
120
100
80
60
40
20
0
-20
-40
-60
-80
-100
-120
-140
-160
-180
-200
-608.333333333333
-1016.66666666667
-1425
-1833.33333333333
-2241.66666666667
-2650
-3058.33333333333
-3466.66666666667
-3875
-4283.33333333333
-4691.66666666667
-5100
-5508.33333333333
-5916.66666666667
-6325
-6733.33333333333
-7141.66666666667
-7550
-7958.33333333333
-8366.66666666666
-8775
-9183.33333333333
-9591.66666666667
-10000
-9591.66666666667
-9183.33333333333
-8775
-8366.66666666666
-7958.33333333333
-7550
-7141.66666666667
-6733.33333333333
-6325
-5916.66666666667
-5508.33333333333
-5100
-4691.66666666667
-4283.33333333333
-3875
-3466.66666666667
-3058.33333333333
-2650
-2241.66666666667
-1833.33333333333
-1425
-1016.66666666667
-608.333333333333
-200
-180
-160
-140
-120
-100
-80
-60
-40
-20
0
20
40
60
80
100
120
140
160
180
200
608.333333333333
1016.66666666667
1425
1833.33333333333
2241.66666666667
2650
3058.33333333333
3466.66666666667
3875
4283.33333333333
4691.66666666667
5100
5508.33333333333
5916.66666666667
6325
6733.33333333333
7141.66666666667
7550
7958.33333333333
8366.66666666666
8775
9183.33333333333
9591.66666666667
10000
FieldDomainFile C:\IDEASVSM\students\Experiments\Loop to 10000 (25 min)\fdomain.ini
TempDomainFile C:\IDEASVSM\students\Experiments\Loop to 10000 (25 min)\tdomain.ini
NumSelectedResults 2
ResultsSelected 1006,  1008
UserName1 
UserValue1 
UserName2 
UserValue2 
LinearBackgroundCorrection Off
MaxLinearFieldCorrection 
MinLinearFieldCorrection 
AutoLinearCorrection Off
FitOneRegion Off
BackgroundMode Off
BackgroundFilename 
AutoCenter Off
OffsetCorrection 
SmoothDeriv Off
DerivOrder 0
DerivPoints 0
MinExFieldOne 
MaxExFieldOne 
MinExFieldTwo 
MaxExFieldTwo 
MinPinFieldOne 
MaxPinFieldOne 
MinPinFieldTwo 
MaxPinFieldTwo 
HCenterStart 
Mass 
Volume 
Density 
MolarWeight 
NumberOfMoles 
Demagnetization 
SampleArea 
Thickness 
MomentScaling 0
XAxis 0
YAxis 0
SimpleSpinValve False
HsatMax 0
HsatMin 0
FieldAutoRange True
 
*************************************************** Experiment Data ********************************************
 
DataPoints 137
MomentX Data
4.2748
4.1947
4.1041
4.0079
3.9064
3.7993
3.6861
3.5668
3.4408
3.3078
3.1671
3.0187
2.862
2.6965
2.5221
2.3383
2.1446
1.9403
1.7249
1.4969
1.2552
0.99755
0.71942
0.415
0.21023
0.20051
0.18377
0.16666
0.14958
0.13254
0.11537
0.098192
0.081033
0.063799
0.046586
0.029429
0.012189
-0.0049775
-0.022046
-0.039045
-0.056065
-0.073199
-0.090285
-0.10725
-0.12424
-0.23257
-0.55129
-0.85547
-1.132
-1.386
-1.6224
-1.8445
-2.0541
-2.2517
-2.4389
-2.6158
-2.7836
-2.9424
-3.0925
-3.2349
-3.3695
-3.4968
-3.6169
-3.7299
-3.836
-3.936
-4.0297
-4.1173
-4.1993
-4.2294
-4.1579
-4.068
-3.972
-3.8702
-3.7626
-3.6492
-3.5293
-3.4027
-3.269
-3.1277
-2.9781
-2.8202
-2.6532
-2.4771
-2.291
-2.0947
-1.8879
-1.6693
-1.438
-1.1923
-0.92928
-0.64462
-0.33493
-0.19834
-0.18237
-0.16548
-0.14845
-0.1315
-0.11438
-0.097335
-0.08012
-0.063067
-0.046051
-0.0289
-0.011812
0.005157
0.022149
0.039181
0.056176
0.073175
0.090129
0.10706
0.12402
0.24263
0.55115
0.84243
1.1081
1.3529
1.5811
1.7954
1.9981
2.1901
2.3721
2.5448
2.7086
2.8639
3.0114
3.1514
3.2843
3.4105
3.5298
3.6423
3.7488
3.849
3.9434
4.0322
4.1158
MomentY Data
-0.00010327
0.00023053
0.00080517
0.001563
0.002491
0.0036222
0.0048609
0.0062877
0.0076891
0.0093029
0.010876
0.012618
0.014544
0.016694
0.018894
0.021177
0.023431
0.02569
0.027804
0.029536
0.030395
0.029918
0.027202
0.020402
0.013345
0.012914
0.012181
0.01145
0.010795
0.010081
0.0093118
0.0085184
0.0077275
0.0069135
0.0061555
0.0053617
0.0046253
0.0038498
0.003091
0.0022682
0.0014777
0.00080801
0.000018179
-0.00073876
-0.0014759
-0.0060329
-0.017679
-0.025207
-0.028582
-0.029255
-0.028362
-0.026747
-0.024658
-0.022438
-0.020153
-0.017948
-0.015849
-0.013787
-0.011854
-0.010005
-0.0082847
-0.0067648
-0.0054539
-0.0042531
-0.0031274
-0.0022019
-0.0013403
-0.00062474
-0.000087693
0.000085495
-0.00045514
-0.0011226
-0.0019366
-0.0029298
-0.0040388
-0.005331
-0.0066919
-0.008172
-0.0098625
-0.011535
-0.01325
-0.015097
-0.017156
-0.019436
-0.0217
-0.023964
-0.026176
-0.02819
-0.029758
-0.030381
-0.029416
-0.025878
-0.017851
-0.012988
-0.012407
-0.011728
-0.010989
-0.010209
-0.009444
-0.0087154
-0.0078644
-0.0071392
-0.0063602
-0.005543
-0.0047028
-0.0039478
-0.0031977
-0.0024301
-0.0016517
-0.00087805
-0.0001036
0.00057451
0.0013309
0.0062638
0.017524
0.024918
0.028232
0.029088
0.028493
0.027121
0.025183
0.023081
0.020902
0.01879
0.016749
0.014798
0.012964
0.011187
0.0094761
0.0079953
0.0066905
0.0056067
0.0046119
0.0036487
0.0029369
0.0022255
0.0017326
Field Data
9798.4
9395.6
8974.7
8556.9
8142.6
7731.6
7323.3
6917
6512.3
6108.3
5703.9
5299.6
4895.6
4492.4
4089.5
3685.5
3281.2
2876.9
2472.4
2066.9
1662.6
1258.8
854.58
450.63
204.23
193.23
173.61
153.53
133.54
113.56
93.52
73.577
53.58
33.534
13.522
-6.4706
-26.446
-46.508
-66.459
-86.495
-106.45
-126.49
-146.48
-166.5
-186.46
-319.69
-714.6
-1122.7
-1530.7
-1938.6
-2346.6
-2754.4
-3162.6
-3570.1
-3977.7
-4385
-4792.1
-5199.1
-5605.8
-6012.4
-6418.3
-6823.4
-7227.9
-7631.3
-8032.4
-8431.4
-8828.3
-9223.3
-9615.9
-9753.4
-9382.1
-8958.7
-8537.2
-8119.7
-7704.4
-7292.5
-6882.3
-6473.5
-6065.6
-5657.6
-5249.7
-4841.8
-4434.1
-4026.4
-3618
-3209.4
-2801.4
-2393
-1984.7
-1576.5
-1168.4
-760.23
-357.14
-195.26
-176.28
-156.27
-136.25
-116.28
-96.254
-76.264
-56.323
-36.227
-16.272
3.7343
23.789
43.715
63.761
83.819
103.74
123.71
143.78
163.73
183.76
329.97
713.89
1105.6
1497.4
1889.1
2281.9
2673.9
3065.5
3457
3848.5
4239.4
4629.7
5020.1
5411.3
5802.4
6192.9
6582.5
6971.3
7359.2
7746.1
8131.6
8515.1
8897.1
9277.1
Time Data
0
9.9
19.8
29.7
39.6
49.5
59.4
69.3
79.2
89.1
99
108.9
118.8
128.7
138.6
148.5
158.4
168.3
178.2
188.1
198
207.9
217.8
227.7
237.6
250
260
270
280
290
300
310
320
330
340
350
360
370
380
390
400
410
420
430
440
450
460
470
480
490
500
510
520
530
540
550
560
570
580
590
600
610
620
630
640
650
660
670
680
690
700
710
720
730
740
750
760
770
780
790
800
810
820
830
840
850
860
870
880
890
900
910
920
930
940
950
960
970
980
990
1000
1010
1020
1030
1040
1050
1060
1070
1080
1090
1100
1110
1120
1130
1140
1150
1160
1170
1180
1190
1200
1210
1220
1230
1240
1250
1260
1270
1280
1290
1300
1310
1320
1330
1340
1350
1360
Temperature Data
0
0
0
0
0
0
0
0
0
0
0
0
0
0
0
0
0
0
0
0
0
0
0
0
0
0
0
0
0
0
0
0
0
0
0
0
0
0
0
0
0
0
0
0
0
0
0
0
0
0
0
0
0
0
0
0
0
0
0
0
0
0
0
0
0
0
0
0
0
0
0
0
0
0
0
0
0
0
0
0
0
0
0
0
0
0
0
0
0
0
0
0
0
0
0
0
0
0
0
0
0
0
0
0
0
0
0
0
0
0
0
0
0
0
0
0
0
0
0
0
0
0
0
0
0
0
0
0
0
0
0
0
0
0
0
0
0
Angle Data
0
0
0
0
0
0
0
0
0
0
0
0
0
0
0
0
0
0
0
0
0
0
0
0
0
0
0
0
0
0
0
0
0
0
0
0
0
0
0
0
0
0
0
0
0
0
0
0
0
0
0
0
0
0
0
0
0
0
0
0
0
0
0
0
0
0
0
0
0
0
0
0
0
0
0
0
0
0
0
0
0
0
0
0
0
0
0
0
0
0
0
0
0
0
0
0
0
0
0
0
0
0
0
0
0
0
0
0
0
0
0
0
0
0
0
0
0
0
0
0
0
0
0
0
0
0
0
0
0
0
0
0
0
0
0
0
0
Bx Data
0
0
0
0
0
0
0
0
0
0
0
0
0
0
0
0
0
0
0
0
0
0
0
0
0
0
0
0
0
0
0
0
0
0
0
0
0
0
0
0
0
0
0
0
0
0
0
0
0
0
0
0
0
0
0
0
0
0
0
0
0
0
0
0
0
0
0
0
0
0
0
0
0
0
0
0
0
0
0
0
0
0
0
0
0
0
0
0
0
0
0
0
0
0
0
0
0
0
0
0
0
0
0
0
0
0
0
0
0
0
0
0
0
0
0
0
0
0
0
0
0
0
0
0
0
0
0
0
0
0
0
0
0
0
0
0
0
Hint Data
0
0
0
0
0
0
0
0
0
0
0
0
0
0
0
0
0
0
0
0
0
0
0
0
0
0
0
0
0
0
0
0
0
0
0
0
0
0
0
0
0
0
0
0
0
0
0
0
0
0
0
0
0
0
0
0
0
0
0
0
0
0
0
0
0
0
0
0
0
0
0
0
0
0
0
0
0
0
0
0
0
0
0
0
0
0
0
0
0
0
0
0
0
0
0
0
0
0
0
0
0
0
0
0
0
0
0
0
0
0
0
0
0
0
0
0
0
0
0
0
0
0
0
0
0
0
0
0
0
0
0
0
0
0
0
0
0
Torque Data
-1.011880768
2.165967668
7.226159199
13.3744347
20.2832166
28.00540152
35.59782897
43.4920209
50.07372593
56.82490407
62.0356164
66.8703528
71.2016064
74.9961256
77.267013
78.0478335
76.8817972
73.907561
68.7426096
61.0479584
50.534727
37.6607784
23.24628516
9.19375326
2.72544935
2.49537222
2.11474341
1.7579185
1.4415643
1.14479836
0.870839536
0.6267583168
0.41403945
0.231837309
0.083234671
-0.03469341602
-0.1223206838
-0.1790464984
-0.205424769
-0.196187959
-0.157301165
-0.1022051849
-0.00266285992
0.12300354
0.275196314
1.928657801
12.6334134
28.2998989
43.7504674
56.713743
66.5542692
73.6719368
77.9833908
80.1059038
80.1625881
78.70198
75.9499929
71.6799917
66.4511532
60.154062
53.17369001
46.15893632
39.42024381
32.45668203
25.12052776
18.56509966
11.83257049
5.762164442
0.8432471187
-0.833866933
4.270168994
10.05703662
16.53314152
23.78909706
31.11653072
38.8763175
46.05566337
52.901442
59.82198
65.260416
69.558525
73.0966546
76.0714196
78.2571104
78.5106
76.9100616
73.3294464
67.45867
59.0607026
47.8956465
34.3696544
19.67323194
6.37530614
2.53603688
2.18710596
1.83273456
1.49725125
1.18710252
0.909022776
0.6646712656
0.4429466012
0.2586317984
0.1034931744
-0.0206992249
-0.1118749092
-0.172578077
-0.2038885497
-0.2036885519
-0.171347358
-0.1086235655
-0.014895608
0.0940645223
0.244566184
2.066866086
12.51020836
27.5493408
42.2745968
54.9501408
65.0181767
72.5188419
77.1984865
79.791017
80.441347
79.658326
77.5428453
74.2874398
70.1520932
64.9114488
58.68453969
52.62906225
46.64148265
41.26082664
35.72423859
29.66976892
25.00799719
19.80049605
16.07350346
dMdH Data
1.98857994041708E-04
2.15253029223094E-04
2.30253709909046E-04
2.44991552015449E-04
2.60583941605839E-04
2.77247122214058E-04
2.93625399950775E-04
3.11341734618237E-04
3.29207920792079E-04
3.47922848664688E-04
3.67054167697255E-04
3.87871287128712E-04
4.1046626984127E-04
4.32861752295855E-04
4.54950495049505E-04
4.79099678456591E-04
5.05317833292111E-04
5.32509270704573E-04
5.62268803945746E-04
5.97823398466485E-04
6.38063397721645E-04
6.88065904705359E-04
7.53608119816809E-04
8.31047077922078E-04
8.83636363636364E-04
8.53211009174313E-04
8.52091633466134E-04
8.54427213606804E-04
8.52852852852853E-04
8.56786427145708E-04
8.61354861354861E-04
8.58078711806771E-04
8.59722637932755E-04
8.60133919648211E-04
8.58167521983134E-04
8.63061565725843E-04
8.55672415511913E-04
8.55521026514962E-04
8.48422838889998E-04
8.52919067902781E-04
8.5499001996008E-04
8.54727363681841E-04
8.47402597402597E-04
8.51202404809619E-04
8.13105156496285E-04
8.07069965308551E-04
7.45356530262191E-04
6.77769607843137E-04
6.22701642559451E-04
5.79411764705883E-04
5.44629720451201E-04
5.13473787359138E-04
4.84907975460123E-04
4.5927379784102E-04
4.34323594402161E-04
4.12183738639154E-04
3.90171990171991E-04
3.69068109171379E-04
3.50221347761929E-04
3.3160877063316E-04
3.14243396692175E-04
2.9690976514215E-04
2.80118988596927E-04
2.64522562951882E-04
2.5062656641604E-04
2.36079617031999E-04
2.21772151898734E-04
2.0886398369842E-04
2.18909090909091E-04
1.92566657689201E-04
2.12328767123288E-04
2.27758007117437E-04
2.43832335329341E-04
2.59089814591862E-04
2.75309541150765E-04
2.92296440760604E-04
3.09686888454012E-04
3.27776415788183E-04
3.46323529411765E-04
3.66756557979896E-04
3.87104682520226E-04
4.09614912926171E-04
4.31935246504782E-04
4.5568070519099E-04
4.80420949583945E-04
5.06862745098039E-04
5.35259549461312E-04
5.66495224099927E-04
6.01910828025478E-04
6.44498897329086E-04
6.97405492809369E-04
7.68289960058548E-04
8.43773165307635E-04
8.41412012644889E-04
8.44077961019491E-04
8.5064935064935E-04
8.48773159739609E-04
8.5488864476181E-04
8.52676338169084E-04
8.63296725339753E-04
8.48576831210191E-04
8.52718616887998E-04
8.57279956813604E-04
8.52069589672246E-04
8.51600923416641E-04
8.47650404070637E-04
8.49137501246386E-04
8.53119823302043E-04
8.51226840260391E-04
8.44743398106626E-04
8.48671679197996E-04
8.46729905142287E-04
8.11230421995759E-04
8.03604917691186E-04
7.43611345127773E-04
6.78075548749362E-04
6.24968087822313E-04
5.80957230142566E-04
5.46683673469388E-04
5.17620020429009E-04
4.90421455938698E-04
4.64878671775223E-04
4.41800972115631E-04
4.19677171406611E-04
3.9779713114754E-04
3.77044989775051E-04
3.57964714906674E-04
3.40332906530089E-04
3.23921971252566E-04
3.06841563786008E-04
2.90023201856149E-04
2.75264926337555E-04
2.59922178988327E-04
2.46153846153846E-04
2.32460732984292E-04
2.20000000000001E-04
2.20000000000001E-04
dMdT Data
0
0
0
0
0
0
0
0
0
0
0
0
0
0
0
0
0
0
0
0
0
0
0
0
0
0
0
0
0
0
0
0
0
0
0
0
0
0
0
0
0
0
0
0
0
0
0
0
0
0
0
0
0
0
0
0
0
0
0
0
0
0
0
0
0
0
0
0
0
0
0
0
0
0
0
0
0
0
0
0
0
0
0
0
0
0
0
0
0
0
0
0
0
0
0
0
0
0
0
0
0
0
0
0
0
0
0
0
0
0
0
0
0
0
0
0
0
0
0
0
0
0
0
0
0
0
0
0
0
0
0
0
0
0
0
0
0
 
*********************************************** Results ***************************************
 
TotalArea 686.595155744451
AreaFirstQuad 474.571881610078
AreaSecondQuad 0.679086352100785
AreaThirdQuad 210.76622224362
AreaFourthQuad 0.577965538646497
Coercivity 39.1751420196266
PositiveCoercivity 37.6593466320938
NegativeCoercivity -40.6909374071593
Retentivity 3.35415996552366E-02
PositiveRetentivity 3.49818587677441E-02
NegativeRetentivity -0.032101340542729
Magnetization 4.2521
PositiveMagnetization 4.2748
NegativeMagnetization -4.2294
Flatness 0.711483754497972
Squareness 7.88824337509385E-03
SStar -6.11891088848869E-04
SFD1 0.503005981853179
SFD2 213.819263138943
Slope 0
Intercept 0
SlopeAtHc 8.55672415511913E-04
dH1 19.4698112438066
dH2 8376.4
InitialSlope 1.98857994041708E-04
FieldAtHalfMs 0
FieldAtMs 9798.4
MomentMean -1.01209854014584E-03
MomentRMS 2.43766453799891
SFD3 0.999503918407766
dH3 39.1557079527975
UserField1 0
UserField2 0
CenterField 0
ExchangeField 0
ExchangeMoment 0
ExRegionOneIntercept 0
ExRegionOneSlope 0
ExRegionTwoIntercept 0
ExRegionTwoSlope 0
NegativeIntercept 0
NegativeSlope 0
AutoCenterOffset 0
PinningField 0
PinningMoment 0
PinRegionOneIntercept 0
PinRegionOneSlope 0
PinRegionTwoIntercept 0
PinRegionTwoSlope 0
PositiveIntercept 0
PositiveSlope 0
TotalOffset 0
BHMax 0
BCoercivity 0
BRetentivity 0
BNegativeCoercivity 0
BPositiveCoercivity 0
BNegativeRetentivity 0
BPositiveRetentivity 0
MomentYMean 1.8609008029197E-04
MomentYRMS 1.52635450924142E-02
YOffCorrection 0
Mrt 0
Ms1 0
Ms2 0
Ms3 0
Hc2 0
Hex2 0
HsatValue 0
HsatIntercept 0
HsatSlope 0
CenterH 0
